0  -9.990234e-01   4.450000e-01   6.980000e-01   3.527000e+00 0 0
1  -9.970703e-01   4.450000e-01   6.980000e-01   3.527000e+00 0 0
2  -9.951172e-01   4.450000e-01   6.980000e-01   3.527000e+00 0 0
3  -9.931641e-01   4.450000e-01   6.980000e-01   3.527000e+00 0 0
4  -9.912109e-01   4.450000e-01   6.980000e-01   3.527000e+00 0 0
5  -9.892578e-01   4.450000e-01   6.980000e-01   3.527000e+00 0 1
6  -9.873047e-01   4.450000e-01   6.980000e-01   3.527000e+00 0 1
7  -9.853516e-01   4.450000e-01   6.980000e-01   3.527000e+00 0 1
8  -9.833984e-01   4.450000e-01   6.980000e-01   3.527000e+00 0 0
9  -9.814453e-01   4.450000e-01   6.980000e-01   3.527000e+00 0 0
10  -9.794922e-01   4.450000e-01   6.980000e-01   3.527000e+00 0 0
11  -9.775391e-01   4.450000e-01   6.980000e-01   3.527000e+00 0 0
12  -9.755859e-01   4.450000e-01   6.980000e-01   3.527000e+00 0 1
13  -9.736328e-01   4.450000e-01   6.980000e-01   3.527000e+00 0 1
14  -9.716797e-01   4.450000e-01   6.980000e-01   3.527000e+00 0 1
15  -9.697266e-01   4.450000e-01   6.980000e-01   3.527000e+00 0 1
16  -9.677734e-01   4.450000e-01   6.980000e-01   3.527000e+00 0 1
17  -9.658203e-01   4.450000e-01   6.980000e-01   3.527000e+00 0 1
18  -9.638672e-01   4.450000e-01   6.980000e-01   3.527000e+00 0 0
19  -9.619141e-01   4.450000e-01   6.980000e-01   3.527000e+00 0 0
20  -9.599609e-01   4.450000e-01   6.980000e-01   3.527000e+00 0 0
21  -9.580078e-01   4.450000e-01   6.980000e-01   3.527000e+00 0 0
22  -9.560547e-01   4.450000e-01   6.980001e-01   3.527000e+00 0 0
23  -9.541016e-01   4.450000e-01   6.980001e-01   3.527000e+00 0 0
24  -9.521484e-01   4.450000e-01   6.980001e-01   3.527000e+00 0 0
25  -9.501953e-01   4.450000e-01   6.980001e-01   3.527000e+00 0 0
26  -9.482422e-01   4.449877e-01   6.981009e-01   3.526837e+00 0 0
27  -9.462891e-01   4.449168e-01   6.986797e-01   3.525901e+00 0 0
28  -9.443359e-01   4.447572e-01   6.999832e-01   3.523794e+00 0 0
29  -9.423828e-01   4.445015e-01   7.020725e-01   3.520418e+00 0 0
30  -9.404297e-01   4.441598e-01   7.048669e-01   3.515908e+00 0 0
31  -9.384766e-01   4.437511e-01   7.082097e-01   3.510518e+00 0 0
32  -9.365234e-01   4.432962e-01   7.119336e-01   3.504522e+00 0 0
33  -9.345703e-01   4.428118e-01   7.159008e-01   3.498143e+00 0 0
34  -9.326172e-01   4.423098e-01   7.200164e-01   3.491535e+00 0 0
35  -9.306641e-01   4.417970e-01   7.242234e-01   3.484791e+00 0 0
36  -9.287109e-01   4.412773e-01   7.284903e-01   3.477961e+00 0 0
37  -9.267578e-01   4.407527e-01   7.328000e-01   3.471074e+00 0 0
38  -9.248047e-01   4.402246e-01   7.371426e-01   3.464145e+00 0 0
39  -9.228516e-01   4.396937e-01   7.415117e-01   3.457185e+00 0 0
40  -9.208984e-01   4.391607e-01   7.459024e-01   3.450202e+00 0 0
41  -9.189453e-01   4.386258e-01   7.503110e-01   3.443202e+00 0 0
42  -9.169922e-01   4.380897e-01   7.547344e-01   3.436190e+00 0 0
43  -9.150391e-01   4.375524e-01   7.591703e-01   3.429169e+00 0 0
44  -9.130859e-01   4.370143e-01   7.636170e-01   3.422143e+00 0 0
45  -9.111328e-01   4.364755e-01   7.680729e-01   3.415114e+00 0 0
46  -9.091797e-01   4.359361e-01   7.725367e-01   3.408084e+00 0 0
47  -9.072266e-01   4.353964e-01   7.770076e-01   3.401055e+00 0 0
48  -9.052734e-01   4.348564e-01   7.814847e-01   3.394027e+00 0 0
49  -9.033203e-01   4.343162e-01   7.859673e-01   3.387002e+00 0 0
50  -9.013672e-01   4.337758e-01   7.904547e-01   3.379982e+00 0 0
51  -8.994141e-01   4.332353e-01   7.949466e-01   3.372966e+00 0 0
52  -8.974609e-01   4.326948e-01   7.994425e-01   3.365955e+00 0 0
53  -8.955078e-01   4.321544e-01   8.039420e-01   3.358951e+00 0 0
54  -8.935547e-01   4.316139e-01   8.084448e-01   3.351953e+00 0 0
55  -8.916016e-01   4.310736e-01   8.129506e-01   3.344962e+00 0 0
56  -8.896484e-01   4.305334e-01   8.174591e-01   3.337979e+00 0 0
57  -8.876953e-01   4.299933e-01   8.219701e-01   3.331003e+00 0 0
58  -8.857422e-01   4.294535e-01   8.264835e-01   3.324036e+00 0 0
59  -8.837891e-01   4.289138e-01   8.309991e-01   3.317076e+00 0 0
60  -8.818359e-01   4.283743e-01   8.355166e-01   3.310126e+00 0 0
61  -8.798828e-01   4.278350e-01   8.400360e-01   3.303184e+00 0 0
62  -8.779297e-01   4.272960e-01   8.445571e-01   3.296251e+00 0 0
63  -8.759766e-01   4.267573e-01   8.490799e-01   3.289328e+00 0 0
64  -8.740234e-01   4.262188e-01   8.536041e-01   3.282413e+00 0 0
65  -8.720703e-01   4.256807e-01   8.581298e-01   3.275508e+00 0 0
66  -8.701172e-01   4.251428e-01   8.626567e-01   3.268613e+00 0 0
67  -8.681641e-01   4.246052e-01   8.671849e-01   3.261728e+00 0 0
68  -8.662109e-01   4.240679e-01   8.717143e-01   3.254852e+00 0 0
69  -8.642578e-01   4.235310e-01   8.762448e-01   3.247986e+00 0 0
70  -8.623047e-01   4.229944e-01   8.807763e-01   3.241131e+00 0 0
71  -8.603516e-01   4.224581e-01   8.853088e-01   3.234285e+00 0 0
72  -8.583984e-01   4.219222e-01   8.898422e-01   3.227450e+00 0 0
73  -8.564453e-01   4.213866e-01   8.943765e-01   3.220625e+00 0 0
74  -8.544922e-01   4.208514e-01   8.989117e-01   3.213810e+00 0 0
75  -8.525391e-01   4.203166e-01   9.034476e-01   3.207005e+00 0 0
76  -8.505859e-01   4.197821e-01   9.079842e-01   3.200211e+00 0 0
77  -8.486328e-01   4.192479e-01   9.125216e-01   3.193428e+00 0 0
78  -8.466797e-01   4.187142e-01   9.170596e-01   3.186654e+00 0 0
79  -8.447266e-01   4.181808e-01   9.215983e-01   3.179892e+00 0 0
80  -8.427734e-01   4.176478e-01   9.261376e-01   3.173140e+00 0 0
81  -8.408203e-01   4.171152e-01   9.306774e-01   3.166399e+00 0 0
82  -8.388672e-01   4.165830e-01   9.352179e-01   3.159668e+00 0 0
83  -8.369141e-01   4.160512e-01   9.397588e-01   3.152948e+00 0 0
84  -8.349609e-01   4.155198e-01   9.443002e-01   3.146238e+00 0 0
85  -8.330078e-01   4.149887e-01   9.488421e-01   3.139540e+00 0 0
86  -8.310547e-01   4.144581e-01   9.533845e-01   3.132852e+00 0 0
87  -8.291016e-01   4.139279e-01   9.579273e-01   3.126175e+00 0 0
88  -8.271484e-01   4.133980e-01   9.624705e-01   3.119509e+00 0 0
89  -8.251953e-01   4.128686e-01   9.670141e-01   3.112853e+00 0 0
90  -8.232422e-01   4.123396e-01   9.715581e-01   3.106208e+00 0 0
91  -8.212891e-01   4.118110e-01   9.761025e-01   3.099574e+00 0 0
92  -8.193359e-01   4.112828e-01   9.806471e-01   3.092951e+00 0 0
93  -8.173828e-01   4.107550e-01   9.851922e-01   3.086339e+00 0 0
94  -8.154297e-01   4.102277e-01   9.897375e-01   3.079738e+00 0 0
95  -8.134766e-01   4.097007e-01   9.942831e-01   3.073148e+00 0 0
96  -8.115234e-01   4.091742e-01   9.988290e-01   3.066568e+00 0 0
97  -8.095703e-01   4.086481e-01   1.003375e+00   3.059999e+00 0 0
98  -8.076172e-01   4.081224e-01   1.007922e+00   3.053442e+00 0 0
99  -8.056641e-01   4.075972e-01   1.012468e+00   3.046895e+00 0 0
100  -8.037109e-01   4.070723e-01   1.017015e+00   3.040359e+00 0 0
101  -8.017578e-01   4.065479e-01   1.021562e+00   3.033834e+00 0 0
102  -7.998047e-01   4.060239e-01   1.026110e+00   3.027319e+00 0 0
103  -7.978516e-01   4.055004e-01   1.030657e+00   3.020816e+00 0 0
104  -7.958984e-01   4.049773e-01   1.035205e+00   3.014324e+00 0 0
105  -7.939453e-01   4.044546e-01   1.039753e+00   3.007843e+00 0 0
106  -7.919922e-01   4.039323e-01   1.044301e+00   3.001372e+00 0 0
107  -7.900391e-01   4.034105e-01   1.048849e+00   2.994913e+00 0 0
108  -7.880859e-01   4.028891e-01   1.053397e+00   2.988464e+00 0 0
109  -7.861328e-01   4.023681e-01   1.057946e+00   2.982026e+00 0 0
110  -7.841797e-01   4.018476e-01   1.062494e+00   2.975599e+00 0 0
111  -7.822266e-01   4.013275e-01   1.067043e+00   2.969184e+00 0 0
112  -7.802734e-01   4.008079e-01   1.071592e+00   2.962779e+00 0 0
113  -7.783203e-01   4.002886e-01   1.076140e+00   2.956385e+00 0 0
114  -7.763672e-01   3.997699e-01   1.080689e+00   2.950002e+00 0 0
115  -7.744141e-01   3.992515e-01   1.085238e+00   2.943630e+00 0 0
116  -7.724609e-01   3.987336e-01   1.089788e+00   2.937268e+00 0 0
117  -7.705078e-01   3.982162e-01   1.094337e+00   2.930918e+00 0 0
118  -7.685547e-01   3.976992e-01   1.098886e+00   2.924579e+00 0 0
119  -7.666016e-01   3.971826e-01   1.103435e+00   2.918250e+00 0 0
120  -7.646484e-01   3.966665e-01   1.107984e+00   2.911933e+00 0 0
121  -7.626953e-01   3.961508e-01   1.112534e+00   2.905626e+00 0 0
122  -7.607422e-01   3.956356e-01   1.117083e+00   2.899331e+00 0 0
123  -7.587891e-01   3.951208e-01   1.121632e+00   2.893046e+00 0 0
124  -7.568359e-01   3.946065e-01   1.126181e+00   2.886772e+00 0 0
125  -7.548828e-01   3.940926e-01   1.130731e+00   2.880509e+00 0 0
126  -7.529297e-01   3.935792e-01   1.135280e+00   2.874258e+00 0 0
127  -7.509766e-01   3.930662e-01   1.139829e+00   2.868017e+00 0 0
128  -7.490234e-01   3.925537e-01   1.144378e+00   2.861786e+00 0 0
129  -7.470703e-01   3.920416e-01   1.148927e+00   2.855567e+00 0 0
130  -7.451172e-01   3.915300e-01   1.153476e+00   2.849359e+00 0 0
131  -7.431641e-01   3.910188e-01   1.158025e+00   2.843162e+00 0 0
132  -7.412109e-01   3.905081e-01   1.162573e+00   2.836975e+00 0 0
133  -7.392578e-01   3.899978e-01   1.167122e+00   2.830800e+00 0 0
134  -7.373047e-01   3.894880e-01   1.171671e+00   2.824635e+00 0 0
135  -7.353516e-01   3.889787e-01   1.176219e+00   2.818482e+00 0 0
136  -7.333984e-01   3.884698e-01   1.180767e+00   2.812339e+00 0 0
137  -7.314453e-01   3.879614e-01   1.185315e+00   2.806208e+00 0 0
138  -7.294922e-01   3.874535e-01   1.189863e+00   2.800087e+00 0 0
139  -7.275391e-01   3.869460e-01   1.194411e+00   2.793977e+00 0 0
140  -7.255859e-01   3.864390e-01   1.198958e+00   2.787878e+00 0 0
141  -7.236328e-01   3.859325e-01   1.203505e+00   2.781790e+00 0 0
142  -7.216797e-01   3.854264e-01   1.208052e+00   2.775714e+00 0 0
143  -7.197266e-01   3.849208e-01   1.212599e+00   2.769648e+00 0 0
144  -7.177734e-01   3.844157e-01   1.217145e+00   2.763593e+00 0 0
145  -7.158203e-01   3.839111e-01   1.221691e+00   2.757549e+00 0 0
146  -7.138672e-01   3.834069e-01   1.226237e+00   2.751516e+00 0 0
147  -7.119141e-01   3.829032e-01   1.230782e+00   2.745494e+00 0 0
148  -7.099609e-01   3.824000e-01   1.235327e+00   2.739484e+00 0 0
149  -7.080078e-01   3.818973e-01   1.239871e+00   2.733484e+00 0 0
150  -7.060547e-01   3.813951e-01   1.244416e+00   2.727496e+00 0 0
151  -7.041016e-01   3.808934e-01   1.248959e+00   2.721518e+00 0 0
152  -7.021484e-01   3.803922e-01   1.253502e+00   2.715552e+00 0 0
153  -7.001953e-01   3.798914e-01   1.258045e+00   2.709597e+00 0 0
154  -6.982422e-01   3.793912e-01   1.262587e+00   2.703653e+00 0 0
155  -6.962891e-01   3.788915e-01   1.267128e+00   2.697721e+00 0 0
156  -6.943359e-01   3.783923e-01   1.271669e+00   2.691799e+00 0 0
157  -6.923828e-01   3.778936e-01   1.276208e+00   2.685889e+00 0 0
158  -6.904297e-01   3.773955e-01   1.280748e+00   2.679991e+00 0 0
159  -6.884766e-01   3.768978e-01   1.285286e+00   2.674104e+00 0 0
160  -6.865234e-01   3.764008e-01   1.289823e+00   2.668228e+00 0 0
161  -6.845703e-01   3.759042e-01   1.294360e+00   2.662364e+00 0 0
162  -6.826172e-01   3.754082e-01   1.298895e+00   2.656512e+00 0 0
163  -6.806641e-01   3.749128e-01   1.303429e+00   2.650671e+00 0 0
164  -6.787109e-01   3.744179e-01   1.307962e+00   2.644843e+00 0 0
165  -6.767578e-01   3.739236e-01   1.312494e+00   2.639026e+00 0 0
166  -6.748047e-01   3.734299e-01   1.317024e+00   2.633221e+00 0 0
167  -6.728516e-01   3.729368e-01   1.321553e+00   2.627429e+00 0 0
168  -6.708984e-01   3.724443e-01   1.326080e+00   2.621649e+00 0 0
169  -6.689453e-01   3.719525e-01   1.330605e+00   2.615881e+00 0 0
170  -6.669922e-01   3.714613e-01   1.335128e+00   2.610126e+00 0 0
171  -6.650391e-01   3.709708e-01   1.339649e+00   2.604384e+00 0 0
172  -6.630859e-01   3.704810e-01   1.344168e+00   2.598655e+00 0 0
173  -6.611328e-01   3.699919e-01   1.348684e+00   2.592940e+00 0 0
174  -6.591797e-01   3.695035e-01   1.353197e+00   2.587239e+00 0 0
175  -6.572266e-01   3.690160e-01   1.357706e+00   2.581551e+00 0 0
176  -6.552734e-01   3.685292e-01   1.362212e+00   2.575879e+00 0 0
177  -6.533203e-01   3.680434e-01   1.366714e+00   2.570221e+00 0 0
178  -6.513672e-01   3.675585e-01   1.371210e+00   2.564580e+00 0 0
179  -6.494141e-01   3.670746e-01   1.375701e+00   2.558956e+00 0 0
180  -6.474609e-01   3.665919e-01   1.380186e+00   2.553350e+00 0 0
181  -6.455078e-01   3.661105e-01   1.384662e+00   2.547763e+00 0 0
182  -6.435547e-01   3.656303e-01   1.389131e+00   2.542197e+00 0 0
183  -6.416016e-01   3.651517e-01   1.393589e+00   2.536653e+00 0 0
184  -6.396484e-01   3.646747e-01   1.398036e+00   2.531132e+00 0 0
185  -6.376953e-01   3.641994e-01   1.402471e+00   2.525637e+00 0 0
186  -6.357422e-01   3.637262e-01   1.406890e+00   2.520170e+00 0 0
187  -6.337891e-01   3.632554e-01   1.411290e+00   2.514735e+00 0 0
188  -6.318359e-01   3.627878e-01   1.415664e+00   2.509343e+00 0 0
189  -6.298828e-01   3.623248e-01   1.420000e+00   2.504007e+00 0 0
190  -6.279297e-01   3.618687e-01   1.424274e+00   2.498756e+00 0 0
191  -6.259766e-01   3.614238e-01   1.428446e+00   2.493638e+00 0 0
192  -6.240234e-01   3.609971e-01   1.432452e+00   2.488733e+00 0 0
193  -6.220703e-01   3.605989e-01   1.436192e+00   2.484159e+00 0 0
194  -6.201172e-01   3.602431e-01   1.439536e+00   2.480076e+00 0 0
195  -6.181641e-01   3.599458e-01   1.442333e+00   2.476665e+00 0 0
196  -6.162109e-01   3.597216e-01   1.444443e+00   2.474094e+00 0 0
197  -6.142578e-01   3.595794e-01   1.445781e+00   2.472465e+00 0 0
198  -6.123047e-01   3.595180e-01   1.446359e+00   2.471762e+00 0 0
199  -6.103516e-01   3.595249e-01   1.446294e+00   2.471840e+00 0 1
200  -6.083984e-01   3.595795e-01   1.445780e+00   2.472466e+00 0 1
201  -6.064453e-01   3.596604e-01   1.445018e+00   2.473394e+00 0 1
202  -6.044922e-01   3.597501e-01   1.444174e+00   2.474421e+00 0 1
203  -6.025391e-01   3.598360e-01   1.443366e+00   2.475406e+00 0 1
204  -6.005859e-01   3.599079e-01   1.442689e+00   2.476231e+00 0 1
205  -5.986328e-01   3.599565e-01   1.442232e+00   2.476788e+00 0 1
206  -5.966797e-01   3.599769e-01   1.442040e+00   2.477022e+00 0 1
207  -5.947266e-01   3.599775e-01   1.442034e+00   2.477029e+00 0 0
208  -5.927734e-01   3.599724e-01   1.442082e+00   2.476970e+00 0 0
209  -5.908203e-01   3.599657e-01   1.442145e+00   2.476893e+00 0 0
210  -5.888672e-01   3.599591e-01   1.442207e+00   2.476818e+00 0 0
211  -5.869141e-01   3.599535e-01   1.442260e+00   2.476754e+00 0 0
212  -5.849609e-01   3.599491e-01   1.442301e+00   2.476703e+00 0 0
213  -5.830078e-01   3.599460e-01   1.442331e+00   2.476668e+00 0 0
214  -5.810547e-01   3.599440e-01   1.442350e+00   2.476644e+00 0 0
215  -5.791016e-01   3.599426e-01   1.442363e+00   2.476629e+00 0 0
216  -5.771484e-01   3.599417e-01   1.442372e+00   2.476618e+00 0 0
217  -5.751953e-01   3.599408e-01   1.442379e+00   2.476608e+00 0 0
218  -5.732422e-01   3.599400e-01   1.442387e+00   2.476599e+00 0 0
219  -5.712891e-01   3.599391e-01   1.442395e+00   2.476589e+00 0 0
220  -5.693359e-01   3.599382e-01   1.442405e+00   2.476577e+00 0 0
221  -5.673828e-01   3.599371e-01   1.442414e+00   2.476566e+00 0 0
222  -5.654297e-01   3.599362e-01   1.442423e+00   2.476555e+00 0 0
223  -5.634766e-01   3.599353e-01   1.442432e+00   2.476544e+00 0 0
224  -5.615234e-01   3.599346e-01   1.442438e+00   2.476536e+00 0 0
225  -5.595703e-01   3.599342e-01   1.442442e+00   2.476532e+00 0 0
226  -5.576172e-01   3.599342e-01   1.442441e+00   2.476533e+00 0 1
227  -5.556641e-01   3.599349e-01   1.442435e+00   2.476540e+00 0 1
228  -5.537109e-01   3.599363e-01   1.442422e+00   2.476556e+00 0 1
229  -5.517578e-01   3.599384e-01   1.442403e+00   2.476580e+00 0 1
230  -5.498047e-01   3.599410e-01   1.442377e+00   2.476611e+00 0 1
231  -5.478516e-01   3.599441e-01   1.442348e+00   2.476646e+00 0 1
232  -5.458984e-01   3.599474e-01   1.442317e+00   2.476684e+00 0 1
233  -5.439453e-01   3.599506e-01   1.442288e+00   2.476720e+00 0 1
234  -5.419922e-01   3.599534e-01   1.442261e+00   2.476752e+00 0 1
235  -5.400391e-01   3.599555e-01   1.442241e+00   2.476777e+00 0 1
236  -5.380859e-01   3.599570e-01   1.442227e+00   2.476794e+00 0 1
237  -5.361328e-01   3.599580e-01   1.442218e+00   2.476805e+00 0 1
238  -5.341797e-01   3.599586e-01   1.442213e+00   2.476811e+00 0 1
239  -5.322266e-01   3.599591e-01   1.442208e+00   2.476818e+00 0 1
240  -5.302734e-01   3.599598e-01   1.442201e+00   2.476825e+00 0 1
241  -5.283203e-01   3.599606e-01   1.442193e+00   2.476835e+00 0 1
242  -5.263672e-01   3.599614e-01   1.442185e+00   2.476844e+00 0 1
243  -5.244141e-01   3.599621e-01   1.442179e+00   2.476852e+00 0 1
244  -5.224609e-01   3.599624e-01   1.442176e+00   2.476856e+00 0 1
245  -5.205078e-01   3.599624e-01   1.442176e+00   2.476856e+00 0 1
246  -5.185547e-01   3.599624e-01   1.442176e+00   2.476856e+00 0 1
247  -5.166016e-01   3.599624e-01   1.442176e+00   2.476856e+00 0 0
248  -5.146484e-01   3.599624e-01   1.442176e+00   2.476856e+00 0 0
249  -5.126953e-01   3.599624e-01   1.442177e+00   2.476855e+00 0 0
250  -5.107422e-01   3.599622e-01   1.442178e+00   2.476853e+00 0 0
251  -5.087891e-01   3.599619e-01   1.442181e+00   2.476850e+00 0 0
252  -5.068359e-01   3.599616e-01   1.442184e+00   2.476846e+00 0 0
253  -5.048828e-01   3.599614e-01   1.442186e+00   2.476844e+00 0 0
254  -5.029297e-01   3.599614e-01   1.442186e+00   2.476844e+00 0 1
255  -5.009766e-01   3.599617e-01   1.442183e+00   2.476848e+00 0 1
256  -4.990234e-01   3.599622e-01   1.442178e+00   2.476853e+00 0 1
257  -4.970703e-01   3.599627e-01   1.442173e+00   2.476859e+00 0 1
258  -4.951172e-01   3.599632e-01   1.442169e+00   2.476864e+00 0 1
259  -4.931641e-01   3.599634e-01   1.442167e+00   2.476867e+00 0 1
260  -4.912109e-01   3.599634e-01   1.442167e+00   2.476867e+00 0 0
261  -4.892578e-01   3.599633e-01   1.442168e+00   2.476866e+00 0 0
262  -4.873047e-01   3.599631e-01   1.442170e+00   2.476863e+00 0 0
263  -4.853516e-01   3.599628e-01   1.442173e+00   2.476860e+00 0 0
264  -4.833984e-01   3.599625e-01   1.442175e+00   2.476857e+00 0 0
265  -4.814453e-01   3.599622e-01   1.442178e+00   2.476854e+00 0 0
266  -4.794922e-01   3.599619e-01   1.442181e+00   2.476850e+00 0 0
267  -4.775391e-01   3.599616e-01   1.442184e+00   2.476847e+00 0 0
268  -4.755859e-01   3.599615e-01   1.442185e+00   2.476845e+00 0 0
269  -4.736328e-01   3.599616e-01   1.442184e+00   2.476846e+00 0 1
270  -4.716797e-01   3.599619e-01   1.442181e+00   2.476849e+00 0 1
271  -4.697266e-01   3.599623e-01   1.442177e+00   2.476855e+00 0 1
272  -4.677734e-01   3.599628e-01   1.442172e+00   2.476861e+00 0 1
273  -4.658203e-01   3.599633e-01   1.442168e+00   2.476865e+00 0 1
274  -4.638672e-01   3.599635e-01   1.442166e+00   2.476868e+00 0 1
275  -4.619141e-01   3.599635e-01   1.442166e+00   2.476868e+00 0 0
276  -4.599609e-01   3.599633e-01   1.442168e+00   2.476866e+00 0 0
277  -4.580078e-01   3.599631e-01   1.442170e+00   2.476863e+00 0 0
278  -4.560547e-01   3.599628e-01   1.442173e+00   2.476860e+00 0 0
279  -4.541016e-01   3.599625e-01   1.442176e+00   2.476856e+00 0 0
280  -4.521484e-01   3.599621e-01   1.442179e+00   2.476852e+00 0 0
281  -4.501953e-01   3.599618e-01   1.442182e+00   2.476848e+00 0 0
282  -4.482422e-01   3.599615e-01   1.442185e+00   2.476845e+00 0 0
283  -4.462891e-01   3.599614e-01   1.442186e+00   2.476844e+00 0 1
284  -4.443359e-01   3.599616e-01   1.442184e+00   2.476846e+00 0 1
285  -4.423828e-01   3.599619e-01   1.442181e+00   2.476850e+00 0 1
286  -4.404297e-01   3.599624e-01   1.442176e+00   2.476856e+00 0 1
287  -4.384766e-01   3.599629e-01   1.442171e+00   2.476862e+00 0 1
288  -4.365234e-01   3.599633e-01   1.442168e+00   2.476866e+00 0 1
289  -4.345703e-01   3.599635e-01   1.442166e+00   2.476868e+00 0 1
290  -4.326172e-01   3.599634e-01   1.442167e+00   2.476867e+00 0 0
291  -4.306641e-01   3.599632e-01   1.442169e+00   2.476865e+00 0 0
292  -4.287109e-01   3.599629e-01   1.442171e+00   2.476862e+00 0 0
293  -4.267578e-01   3.599626e-01   1.442174e+00   2.476858e+00 0 0
294  -4.248047e-01   3.599624e-01   1.442177e+00   2.476855e+00 0 0
295  -4.228516e-01   3.599621e-01   1.442180e+00   2.476852e+00 0 0
296  -4.208984e-01   3.599618e-01   1.442182e+00   2.476849e+00 0 0
297  -4.189453e-01   3.599616e-01   1.442184e+00   2.476846e+00 0 0
298  -4.169922e-01   3.599615e-01   1.442185e+00   2.476846e+00 0 1
299  -4.150391e-01   3.599617e-01   1.442183e+00   2.476847e+00 0 1
300  -4.130859e-01   3.599620e-01   1.442180e+00   2.476851e+00 0 1
301  -4.111328e-01   3.599625e-01   1.442175e+00   2.476857e+00 0 1
302  -4.091797e-01   3.599630e-01   1.442171e+00   2.476862e+00 0 1
303  -4.072266e-01   3.599633e-01   1.442168e+00   2.476866e+00 0 1
304  -4.052734e-01   3.599634e-01   1.442167e+00   2.476868e+00 0 1
305  -4.033203e-01   3.599633e-01   1.442168e+00   2.476866e+00 0 0
306  -4.013672e-01   3.599631e-01   1.442170e+00   2.476863e+00 0 0
307  -3.994141e-01   3.599628e-01   1.442173e+00   2.476860e+00 0 0
308  -3.974609e-01   3.599625e-01   1.442176e+00   2.476856e+00 0 0
309  -3.955078e-01   3.599622e-01   1.442178e+00   2.476853e+00 0 0
310  -3.935547e-01   3.599620e-01   1.442180e+00   2.476851e+00 0 0
311  -3.916016e-01   3.599618e-01   1.442182e+00   2.476848e+00 0 0
312  -3.896484e-01   3.599616e-01   1.442184e+00   2.476847e+00 0 0
313  -3.876953e-01   3.599616e-01   1.442184e+00   2.476847e+00 0 1
314  -3.857422e-01   3.599618e-01   1.442182e+00   2.476849e+00 0 1
315  -3.837891e-01   3.599622e-01   1.442179e+00   2.476853e+00 0 1
316  -3.818359e-01   3.599626e-01   1.442174e+00   2.476858e+00 0 1
317  -3.798828e-01   3.599630e-01   1.442170e+00   2.476863e+00 0 1
318  -3.779297e-01   3.599633e-01   1.442168e+00   2.476866e+00 0 1
319  -3.759766e-01   3.599634e-01   1.442167e+00   2.476867e+00 0 0
320  -3.740234e-01   3.599633e-01   1.442168e+00   2.476866e+00 0 0
321  -3.720703e-01   3.599630e-01   1.442170e+00   2.476863e+00 0 0
322  -3.701172e-01   3.599627e-01   1.442173e+00   2.476859e+00 0 0
323  -3.681641e-01   3.599624e-01   1.442176e+00   2.476856e+00 0 0
324  -3.662109e-01   3.599622e-01   1.442178e+00   2.476853e+00 0 0
325  -3.642578e-01   3.599619e-01   1.442181e+00   2.476850e+00 0 0
326  -3.623047e-01   3.599617e-01   1.442183e+00   2.476848e+00 0 0
327  -3.603516e-01   3.599616e-01   1.442184e+00   2.476847e+00 0 0
328  -3.583984e-01   3.599616e-01   1.442184e+00   2.476847e+00 0 1
329  -3.564453e-01   3.599618e-01   1.442182e+00   2.476849e+00 0 1
330  -3.544922e-01   3.599622e-01   1.442179e+00   2.476853e+00 0 1
331  -3.525391e-01   3.599626e-01   1.442175e+00   2.476858e+00 0 1
332  -3.505859e-01   3.599630e-01   1.442171e+00   2.476862e+00 0 1
333  -3.486328e-01   3.599633e-01   1.442168e+00   2.476866e+00 0 1
334  -3.466797e-01   3.599634e-01   1.442167e+00   2.476867e+00 0 1
335  -3.447266e-01   3.599633e-01   1.442168e+00   2.476866e+00 0 0
336  -3.427734e-01   3.599631e-01   1.442170e+00   2.476863e+00 0 0
337  -3.408203e-01   3.599628e-01   1.442172e+00   2.476860e+00 0 0
338  -3.388672e-01   3.599626e-01   1.442175e+00   2.476857e+00 0 0
339  -3.369141e-01   3.599623e-01   1.442178e+00   2.476854e+00 0 0
340  -3.349609e-01   3.599620e-01   1.442180e+00   2.476851e+00 0 0
341  -3.330078e-01   3.599617e-01   1.442183e+00   2.476848e+00 0 0
342  -3.310547e-01   3.599616e-01   1.442184e+00   2.476846e+00 0 0
343  -3.291016e-01   3.599616e-01   1.442184e+00   2.476846e+00 0 1
344  -3.271484e-01   3.599618e-01   1.442182e+00   2.476849e+00 0 1
345  -3.251953e-01   3.599622e-01   1.442178e+00   2.476853e+00 0 1
346  -3.232422e-01   3.599627e-01   1.442174e+00   2.476858e+00 0 1
347  -3.212891e-01   3.599631e-01   1.442170e+00   2.476863e+00 0 1
348  -3.193359e-01   3.599633e-01   1.442168e+00   2.476866e+00 0 1
349  -3.173828e-01   3.599634e-01   1.442167e+00   2.476867e+00 0 1
350  -3.154297e-01   3.599633e-01   1.442168e+00   2.476866e+00 0 0
351  -3.134766e-01   3.599631e-01   1.442170e+00   2.476864e+00 0 0
352  -3.115234e-01   3.599629e-01   1.442172e+00   2.476861e+00 0 0
353  -3.095703e-01   3.599626e-01   1.442175e+00   2.476857e+00 0 0
354  -3.076172e-01   3.599622e-01   1.442178e+00   2.476854e+00 0 0
355  -3.056641e-01   3.599619e-01   1.442181e+00   2.476850e+00 0 0
356  -3.037109e-01   3.599617e-01   1.442183e+00   2.476847e+00 0 0
357  -3.017578e-01   3.599615e-01   1.442185e+00   2.476846e+00 0 0
358  -2.998047e-01   3.599616e-01   1.442184e+00   2.476846e+00 0 1
359  -2.978516e-01   3.599619e-01   1.442181e+00   2.476849e+00 0 1
360  -2.958984e-01   3.599623e-01   1.442178e+00   2.476854e+00 0 1
361  -2.939453e-01   3.599627e-01   1.442173e+00   2.476859e+00 0 1
362  -2.919922e-01   3.599631e-01   1.442170e+00   2.476864e+00 0 1
363  -2.900391e-01   3.599634e-01   1.442167e+00   2.476867e+00 0 1
364  -2.880859e-01   3.599634e-01   1.442167e+00   2.476867e+00 0 0
365  -2.861328e-01   3.599633e-01   1.442168e+00   2.476866e+00 0 0
366  -2.841797e-01   3.599631e-01   1.442169e+00   2.476864e+00 0 0
367  -2.822266e-01   3.599629e-01   1.442172e+00   2.476861e+00 0 0
368  -2.802734e-01   3.599626e-01   1.442175e+00   2.476857e+00 0 0
369  -2.783203e-01   3.599622e-01   1.442178e+00   2.476854e+00 0 0
370  -2.763672e-01   3.599619e-01   1.442181e+00   2.476850e+00 0 0
371  -2.744141e-01   3.599616e-01   1.442184e+00   2.476847e+00 0 0
372  -2.724609e-01   3.599615e-01   1.442184e+00   2.476846e+00 0 0
373  -2.705078e-01   3.599616e-01   1.442184e+00   2.476847e+00 0 1
374  -2.685547e-01   3.599619e-01   1.442181e+00   2.476850e+00 0 1
375  -2.666016e-01   3.599624e-01   1.442177e+00   2.476855e+00 0 1
376  -2.646484e-01   3.599629e-01   1.442172e+00   2.476861e+00 0 1
377  -2.626953e-01   3.599632e-01   1.442169e+00   2.476865e+00 0 1
378  -2.607422e-01   3.599634e-01   1.442167e+00   2.476867e+00 0 1
379  -2.587891e-01   3.599634e-01   1.442167e+00   2.476867e+00 0 0
380  -2.568359e-01   3.599633e-01   1.442168e+00   2.476866e+00 0 0
381  -2.548828e-01   3.599630e-01   1.442170e+00   2.476863e+00 0 0
382  -2.529297e-01   3.599628e-01   1.442173e+00   2.476860e+00 0 0
383  -2.509766e-01   3.599625e-01   1.442176e+00   2.476857e+00 0 0
384  -2.490234e-01   3.599622e-01   1.442178e+00   2.476853e+00 0 0
385  -2.470703e-01   3.599619e-01   1.442181e+00   2.476850e+00 0 0
386  -2.451172e-01   3.599617e-01   1.442183e+00   2.476848e+00 0 0
387  -2.431641e-01   3.599616e-01   1.442184e+00   2.476847e+00 0 1
388  -2.412109e-01   3.599618e-01   1.442182e+00   2.476848e+00 0 1
389  -2.392578e-01   3.599621e-01   1.442180e+00   2.476852e+00 0 1
390  -2.373047e-01   3.599625e-01   1.442175e+00   2.476857e+00 0 1
391  -2.353516e-01   3.599630e-01   1.442171e+00   2.476862e+00 0 1
392  -2.333984e-01   3.599633e-01   1.442168e+00   2.476866e+00 0 1
393  -2.314453e-01   3.599635e-01   1.442166e+00   2.476868e+00 0 1
394  -2.294922e-01   3.599634e-01   1.442167e+00   2.476867e+00 0 0
395  -2.275391e-01   3.599632e-01   1.442169e+00   2.476865e+00 0 0
396  -2.255859e-01   3.599629e-01   1.442171e+00   2.476862e+00 0 0
397  -2.236328e-01   3.599626e-01   1.442174e+00   2.476858e+00 0 0
398  -2.216797e-01   3.599623e-01   1.442177e+00   2.476855e+00 0 0
399  -2.197266e-01   3.599621e-01   1.442179e+00   2.476852e+00 0 0
400  -2.177734e-01   3.599619e-01   1.442181e+00   2.476850e+00 0 0
401  -2.158203e-01   3.599618e-01   1.442183e+00   2.476848e+00 0 0
402  -2.138672e-01   3.599617e-01   1.442183e+00   2.476848e+00 0 1
403  -2.119141e-01   3.599619e-01   1.442181e+00   2.476850e+00 0 1
404  -2.099609e-01   3.599622e-01   1.442178e+00   2.476853e+00 0 1
405  -2.080078e-01   3.599626e-01   1.442174e+00   2.476858e+00 0 1
406  -2.060547e-01   3.599630e-01   1.442171e+00   2.476863e+00 0 1
407  -2.041016e-01   3.599633e-01   1.442168e+00   2.476866e+00 0 1
408  -2.021484e-01   3.599635e-01   1.442167e+00   2.476868e+00 0 1
409  -2.001953e-01   3.599634e-01   1.442167e+00   2.476867e+00 0 0
410  -1.982422e-01   3.599632e-01   1.442169e+00   2.476864e+00 0 0
411  -1.962891e-01   3.599629e-01   1.442172e+00   2.476861e+00 0 0
412  -1.943359e-01   3.599626e-01   1.442175e+00   2.476858e+00 0 0
413  -1.923828e-01   3.599623e-01   1.442177e+00   2.476854e+00 0 0
414  -1.904297e-01   3.599621e-01   1.442180e+00   2.476852e+00 0 0
415  -1.884766e-01   3.599619e-01   1.442181e+00   2.476850e+00 0 0
416  -1.865234e-01   3.599618e-01   1.442182e+00   2.476848e+00 0 0
417  -1.845703e-01   3.599618e-01   1.442182e+00   2.476848e+00 0 1
418  -1.826172e-01   3.599619e-01   1.442181e+00   2.476850e+00 0 1
419  -1.806641e-01   3.599622e-01   1.442178e+00   2.476854e+00 0 1
420  -1.787109e-01   3.599626e-01   1.442174e+00   2.476858e+00 0 1
421  -1.767578e-01   3.599630e-01   1.442171e+00   2.476862e+00 0 1
422  -1.748047e-01   3.599633e-01   1.442168e+00   2.476865e+00 0 1
423  -1.728516e-01   3.599634e-01   1.442167e+00   2.476867e+00 0 1
424  -1.708984e-01   3.599634e-01   1.442167e+00   2.476866e+00 0 0
425  -1.689453e-01   3.599632e-01   1.442169e+00   2.476865e+00 0 0
426  -1.669922e-01   3.599630e-01   1.442171e+00   2.476862e+00 0 0
427  -1.650391e-01   3.599627e-01   1.442174e+00   2.476859e+00 0 0
428  -1.630859e-01   3.599624e-01   1.442176e+00   2.476856e+00 0 0
429  -1.611328e-01   3.599621e-01   1.442179e+00   2.476852e+00 0 0
430  -1.591797e-01   3.599619e-01   1.442181e+00   2.476849e+00 0 0
431  -1.572266e-01   3.599617e-01   1.442183e+00   2.476848e+00 0 0
432  -1.552734e-01   3.599617e-01   1.442183e+00   2.476848e+00 0 1
433  -1.533203e-01   3.599619e-01   1.442181e+00   2.476850e+00 0 1
434  -1.513672e-01   3.599622e-01   1.442178e+00   2.476853e+00 0 1
435  -1.494141e-01   3.599626e-01   1.442174e+00   2.476858e+00 0 1
436  -1.474609e-01   3.599630e-01   1.442171e+00   2.476863e+00 0 1
437  -1.455078e-01   3.599633e-01   1.442168e+00   2.476866e+00 0 1
438  -1.435547e-01   3.599634e-01   1.442167e+00   2.476867e+00 0 1
439  -1.416016e-01   3.599634e-01   1.442167e+00   2.476867e+00 0 0
440  -1.396484e-01   3.599632e-01   1.442169e+00   2.476865e+00 0 0
441  -1.376953e-01   3.599630e-01   1.442171e+00   2.476862e+00 0 0
442  -1.357422e-01   3.599627e-01   1.442174e+00   2.476859e+00 0 0
443  -1.337891e-01   3.599624e-01   1.442177e+00   2.476855e+00 0 0
444  -1.318359e-01   3.599620e-01   1.442180e+00   2.476852e+00 0 0
445  -1.298828e-01   3.599618e-01   1.442182e+00   2.476849e+00 0 0
446  -1.279297e-01   3.599616e-01   1.442184e+00   2.476847e+00 0 0
447  -1.259766e-01   3.599617e-01   1.442183e+00   2.476847e+00 0 1
448  -1.240234e-01   3.599619e-01   1.442181e+00   2.476850e+00 0 1
449  -1.220703e-01   3.599622e-01   1.442178e+00   2.476854e+00 0 1
450  -1.201172e-01   3.599627e-01   1.442174e+00   2.476859e+00 0 1
451  -1.181641e-01   3.599631e-01   1.442170e+00   2.476863e+00 0 1
452  -1.162109e-01   3.599633e-01   1.442168e+00   2.476866e+00 0 1
453  -1.142578e-01   3.599635e-01   1.442166e+00   2.476868e+00 0 1
454  -1.123047e-01   3.599634e-01   1.442167e+00   2.476867e+00 0 0
455  -1.103516e-01   3.599632e-01   1.442168e+00   2.476865e+00 0 0
456  -1.083984e-01   3.599630e-01   1.442171e+00   2.476862e+00 0 0
457  -1.064453e-01   3.599627e-01   1.442174e+00   2.476859e+00 0 0
458  -1.044922e-01   3.599623e-01   1.442177e+00   2.476855e+00 0 0
459  -1.025391e-01   3.599620e-01   1.442180e+00   2.476851e+00 0 0
460  -1.005859e-01   3.599617e-01   1.442183e+00   2.476848e+00 0 0
461  -9.863281e-02   3.599616e-01   1.442184e+00   2.476846e+00 0 0
462  -9.667969e-02   3.599617e-01   1.442183e+00   2.476847e+00 0 1
463  -9.472656e-02   3.599619e-01   1.442181e+00   2.476850e+00 0 1
464  -9.277344e-02   3.599623e-01   1.442177e+00   2.476855e+00 0 1
465  -9.082031e-02   3.599628e-01   1.442173e+00   2.476860e+00 0 1
466  -8.886719e-02   3.599631e-01   1.442169e+00   2.476864e+00 0 1
467  -8.691406e-02   3.599634e-01   1.442167e+00   2.476867e+00 0 1
468  -8.496094e-02   3.599634e-01   1.442167e+00   2.476867e+00 0 0
469  -8.300781e-02   3.599633e-01   1.442168e+00   2.476866e+00 0 0
470  -8.105469e-02   3.599631e-01   1.442170e+00   2.476864e+00 0 0
471  -7.910156e-02   3.599629e-01   1.442172e+00   2.476861e+00 0 0
472  -7.714844e-02   3.599626e-01   1.442175e+00   2.476858e+00 0 0
473  -7.519531e-02   3.599623e-01   1.442178e+00   2.476854e+00 0 0
474  -7.324219e-02   3.599620e-01   1.442180e+00   2.476851e+00 0 0
475  -7.128906e-02   3.599618e-01   1.442182e+00   2.476848e+00 0 0
476  -6.933594e-02   3.599617e-01   1.442183e+00   2.476847e+00 0 0
477  -6.738281e-02   3.599617e-01   1.442183e+00   2.476848e+00 0 1
478  -6.542969e-02   3.599620e-01   1.442180e+00   2.476851e+00 0 1
479  -6.347656e-02   3.599624e-01   1.442176e+00   2.476856e+00 0 1
480  -6.152344e-02   3.599628e-01   1.442172e+00   2.476861e+00 0 1
481  -5.957031e-02   3.599632e-01   1.442169e+00   2.476865e+00 0 1
482  -5.761719e-02   3.599634e-01   1.442167e+00   2.476867e+00 0 1
483  -5.566406e-02   3.599634e-01   1.442167e+00   2.476868e+00 0 0
484  -5.371094e-02   3.599633e-01   1.442168e+00   2.476866e+00 0 0
485  -5.175781e-02   3.599630e-01   1.442170e+00   2.476863e+00 0 0
486  -4.980469e-02   3.599627e-01   1.442173e+00   2.476859e+00 0 0
487  -4.785156e-02   3.599624e-01   1.442176e+00   2.476856e+00 0 0
488  -4.589844e-02   3.599621e-01   1.442179e+00   2.476853e+00 0 0
489  -4.394531e-02   3.599619e-01   1.442181e+00   2.476850e+00 0 0
490  -4.199219e-02   3.599618e-01   1.442182e+00   2.476848e+00 0 0
491  -4.003906e-02   3.599617e-01   1.442183e+00   2.476848e+00 0 1
492  -3.808594e-02   3.599619e-01   1.442181e+00   2.476849e+00 0 1
493  -3.613281e-02   3.599621e-01   1.442179e+00   2.476853e+00 0 1
494  -3.417969e-02   3.599625e-01   1.442175e+00   2.476857e+00 0 1
495  -3.222656e-02   3.599629e-01   1.442171e+00   2.476862e+00 0 1
496  -3.027344e-02   3.599633e-01   1.442168e+00   2.476865e+00 0 1
497  -2.832031e-02   3.599634e-01   1.442167e+00   2.476867e+00 0 1
498  -2.636719e-02   3.599634e-01   1.442167e+00   2.476867e+00 0 0
499  -2.441406e-02   3.599632e-01   1.442168e+00   2.476865e+00 0 0
500  -2.246094e-02   3.599630e-01   1.442171e+00   2.476862e+00 0 0
501  -2.050781e-02   3.599627e-01   1.442174e+00   2.476858e+00 0 0
502  -1.855469e-02   3.599624e-01   1.442177e+00   2.476855e+00 0 0
503  -1.660156e-02   3.599621e-01   1.442179e+00   2.476852e+00 0 0
504  -1.464844e-02   3.599619e-01   1.442181e+00   2.476850e+00 0 0
505  -1.269531e-02   3.599618e-01   1.442182e+00   2.476849e+00 0 0
506  -1.074219e-02   3.599618e-01   1.442182e+00   2.476849e+00 0 1
507  -8.789062e-03   3.599619e-01   1.442181e+00   2.476850e+00 0 1
508  -6.835938e-03   3.599622e-01   1.442178e+00   2.476853e+00 0 1
509  -4.882812e-03   3.599625e-01   1.442175e+00   2.476857e+00 0 1
510  -2.929688e-03   3.599629e-01   1.442172e+00   2.476861e+00 0 1
511  -9.765625e-04   3.599632e-01   1.442169e+00   2.476865e+00 0 1
512   9.765625e-04   3.599633e-01   1.442167e+00   2.476866e+00 0 1
513   2.929688e-03   3.599634e-01   1.442167e+00   2.476867e+00 0 0
514   4.882812e-03   3.599632e-01   1.442168e+00   2.476865e+00 0 0
515   6.835938e-03   3.599630e-01   1.442171e+00   2.476863e+00 0 0
516   8.789062e-03   3.599628e-01   1.442173e+00   2.476860e+00 0 0
517   1.074219e-02   3.599625e-01   1.442176e+00   2.476856e+00 0 0
518   1.269531e-02   3.599622e-01   1.442179e+00   2.476853e+00 0 0
519   1.464844e-02   3.599619e-01   1.442181e+00   2.476850e+00 0 0
520   1.660156e-02   3.599618e-01   1.442182e+00   2.476848e+00 0 0
521   1.855469e-02   3.599617e-01   1.442183e+00   2.476848e+00 0 1
522   2.050781e-02   3.599618e-01   1.442182e+00   2.476849e+00 0 1
523   2.246094e-02   3.599621e-01   1.442179e+00   2.476852e+00 0 1
524   2.441406e-02   3.599625e-01   1.442175e+00   2.476857e+00 0 1
525   2.636719e-02   3.599629e-01   1.442172e+00   2.476861e+00 0 1
526   2.832031e-02   3.599632e-01   1.442169e+00   2.476865e+00 0 1
527   3.027344e-02   3.599634e-01   1.442167e+00   2.476867e+00 0 1
528   3.222656e-02   3.599634e-01   1.442167e+00   2.476867e+00 0 0
529   3.417969e-02   3.599633e-01   1.442168e+00   2.476866e+00 0 0
530   3.613281e-02   3.599631e-01   1.442170e+00   2.476863e+00 0 0
531   3.808594e-02   3.599628e-01   1.442173e+00   2.476860e+00 0 0
532   4.003906e-02   3.599624e-01   1.442176e+00   2.476856e+00 0 0
533   4.199219e-02   3.599621e-01   1.442179e+00   2.476852e+00 0 0
534   4.394531e-02   3.599618e-01   1.442182e+00   2.476849e+00 0 0
535   4.589844e-02   3.599617e-01   1.442183e+00   2.476847e+00 0 0
536   4.785156e-02   3.599617e-01   1.442183e+00   2.476847e+00 0 1
537   4.980469e-02   3.599618e-01   1.442182e+00   2.476849e+00 0 1
538   5.175781e-02   3.599621e-01   1.442179e+00   2.476852e+00 0 1
539   5.371094e-02   3.599625e-01   1.442175e+00   2.476857e+00 0 1
540   5.566406e-02   3.599629e-01   1.442171e+00   2.476862e+00 0 1
541   5.761719e-02   3.599633e-01   1.442168e+00   2.476866e+00 0 1
542   5.957031e-02   3.599634e-01   1.442167e+00   2.476868e+00 0 1
543   6.152344e-02   3.599635e-01   1.442166e+00   2.476868e+00 0 0
544   6.347656e-02   3.599633e-01   1.442168e+00   2.476866e+00 0 0
545   6.542969e-02   3.599631e-01   1.442170e+00   2.476863e+00 0 0
546   6.738281e-02   3.599627e-01   1.442173e+00   2.476859e+00 0 0
547   6.933594e-02   3.599624e-01   1.442176e+00   2.476855e+00 0 0
548   7.128906e-02   3.599621e-01   1.442180e+00   2.476852e+00 0 0
549   7.324219e-02   3.599618e-01   1.442182e+00   2.476849e+00 0 0
550   7.519531e-02   3.599616e-01   1.442183e+00   2.476847e+00 0 0
551   7.714844e-02   3.599617e-01   1.442183e+00   2.476847e+00 0 1
552   7.910156e-02   3.599619e-01   1.442181e+00   2.476849e+00 0 1
553   8.105469e-02   3.599622e-01   1.442178e+00   2.476853e+00 0 1
554   8.300781e-02   3.599626e-01   1.442174e+00   2.476858e+00 0 1
555   8.496094e-02   3.599630e-01   1.442170e+00   2.476863e+00 0 1
556   8.691406e-02   3.599633e-01   1.442168e+00   2.476866e+00 0 1
557   8.886719e-02   3.599634e-01   1.442167e+00   2.476867e+00 0 1
558   9.082031e-02   3.599634e-01   1.442167e+00   2.476867e+00 0 0
559   9.277344e-02   3.599632e-01   1.442169e+00   2.476865e+00 0 0
560   9.472656e-02   3.599629e-01   1.442171e+00   2.476862e+00 0 0
561   9.667969e-02   3.599626e-01   1.442174e+00   2.476858e+00 0 0
562   9.863281e-02   3.599623e-01   1.442177e+00   2.476855e+00 0 0
563   1.005859e-01   3.599620e-01   1.442180e+00   2.476852e+00 0 0
564   1.025391e-01   3.599618e-01   1.442182e+00   2.476849e+00 0 0
565   1.044922e-01   3.599617e-01   1.442183e+00   2.476848e+00 0 0
566   1.064453e-01   3.599617e-01   1.442183e+00   2.476848e+00 0 1
567   1.083984e-01   3.599619e-01   1.442181e+00   2.476850e+00 0 1
568   1.103516e-01   3.599623e-01   1.442177e+00   2.476854e+00 0 1
569   1.123047e-01   3.599627e-01   1.442174e+00   2.476859e+00 0 1
570   1.142578e-01   3.599631e-01   1.442170e+00   2.476864e+00 0 1
571   1.162109e-01   3.599634e-01   1.442167e+00   2.476867e+00 0 1
572   1.181641e-01   3.599634e-01   1.442166e+00   2.476868e+00 0 1
573   1.201172e-01   3.599634e-01   1.442167e+00   2.476867e+00 0 0
574   1.220703e-01   3.599631e-01   1.442170e+00   2.476864e+00 0 0
575   1.240234e-01   3.599628e-01   1.442172e+00   2.476860e+00 0 0
576   1.259766e-01   3.599625e-01   1.442176e+00   2.476857e+00 0 0
577   1.279297e-01   3.599622e-01   1.442178e+00   2.476853e+00 0 0
578   1.298828e-01   3.599619e-01   1.442181e+00   2.476850e+00 0 0
579   1.318359e-01   3.599618e-01   1.442182e+00   2.476849e+00 0 0
580   1.337891e-01   3.599617e-01   1.442182e+00   2.476848e+00 0 1
581   1.357422e-01   3.599618e-01   1.442182e+00   2.476849e+00 0 1
582   1.376953e-01   3.599621e-01   1.442179e+00   2.476852e+00 0 1
583   1.396484e-01   3.599624e-01   1.442176e+00   2.476856e+00 0 1
584   1.416016e-01   3.599628e-01   1.442173e+00   2.476860e+00 0 1
585   1.435547e-01   3.599631e-01   1.442169e+00   2.476864e+00 0 1
586   1.455078e-01   3.599634e-01   1.442167e+00   2.476867e+00 0 1
587   1.474609e-01   3.599634e-01   1.442167e+00   2.476867e+00 0 0
588   1.494141e-01   3.599633e-01   1.442168e+00   2.476866e+00 0 0
589   1.513672e-01   3.599631e-01   1.442170e+00   2.476863e+00 0 0
590   1.533203e-01   3.599627e-01   1.442173e+00   2.476860e+00 0 0
591   1.552734e-01   3.599624e-01   1.442176e+00   2.476856e+00 0 0
592   1.572266e-01   3.599621e-01   1.442179e+00   2.476853e+00 0 0
593   1.591797e-01   3.599619e-01   1.442181e+00   2.476850e+00 0 0
594   1.611328e-01   3.599618e-01   1.442182e+00   2.476849e+00 0 0
595   1.630859e-01   3.599618e-01   1.442182e+00   2.476849e+00 0 1
596   1.650391e-01   3.599619e-01   1.442181e+00   2.476850e+00 0 1
597   1.669922e-01   3.599621e-01   1.442179e+00   2.476852e+00 0 1
598   1.689453e-01   3.599624e-01   1.442176e+00   2.476856e+00 0 1
599   1.708984e-01   3.599628e-01   1.442173e+00   2.476860e+00 0 1
600   1.728516e-01   3.599631e-01   1.442170e+00   2.476864e+00 0 1
601   1.748047e-01   3.599633e-01   1.442168e+00   2.476866e+00 0 1
602   1.767578e-01   3.599634e-01   1.442167e+00   2.476867e+00 0 1
603   1.787109e-01   3.599633e-01   1.442168e+00   2.476866e+00 0 0
604   1.806641e-01   3.599631e-01   1.442170e+00   2.476864e+00 0 0
605   1.826172e-01   3.599628e-01   1.442172e+00   2.476861e+00 0 0
606   1.845703e-01   3.599625e-01   1.442175e+00   2.476857e+00 0 0
607   1.865234e-01   3.599622e-01   1.442178e+00   2.476854e+00 0 0
608   1.884766e-01   3.599620e-01   1.442180e+00   2.476851e+00 0 0
609   1.904297e-01   3.599618e-01   1.442182e+00   2.476849e+00 0 0
610   1.923828e-01   3.599617e-01   1.442183e+00   2.476848e+00 0 1
611   1.943359e-01   3.599618e-01   1.442182e+00   2.476849e+00 0 1
612   1.962891e-01   3.599620e-01   1.442180e+00   2.476851e+00 0 1
613   1.982422e-01   3.599624e-01   1.442177e+00   2.476855e+00 0 1
614   2.001953e-01   3.599627e-01   1.442173e+00   2.476860e+00 0 1
615   2.021484e-01   3.599631e-01   1.442170e+00   2.476864e+00 0 1
616   2.041016e-01   3.599633e-01   1.442167e+00   2.476866e+00 0 1
617   2.060547e-01   3.599634e-01   1.442167e+00   2.476867e+00 0 1
618   2.080078e-01   3.599633e-01   1.442167e+00   2.476866e+00 0 0
619   2.099609e-01   3.599631e-01   1.442169e+00   2.476864e+00 0 0
620   2.119141e-01   3.599628e-01   1.442172e+00   2.476861e+00 0 0
621   2.138672e-01   3.599625e-01   1.442175e+00   2.476857e+00 0 0
622   2.158203e-01   3.599622e-01   1.442178e+00   2.476853e+00 0 0
623   2.177734e-01   3.599619e-01   1.442181e+00   2.476850e+00 0 0
624   2.197266e-01   3.599617e-01   1.442183e+00   2.476848e+00 0 0
625   2.216797e-01   3.599616e-01   1.442183e+00   2.476847e+00 0 1
626   2.236328e-01   3.599617e-01   1.442182e+00   2.476848e+00 0 1
627   2.255859e-01   3.599620e-01   1.442180e+00   2.476851e+00 0 1
628   2.275391e-01   3.599624e-01   1.442176e+00   2.476856e+00 0 1
629   2.294922e-01   3.599628e-01   1.442172e+00   2.476860e+00 0 1
630   2.314453e-01   3.599631e-01   1.442169e+00   2.476864e+00 0 1
631   2.333984e-01   3.599634e-01   1.442167e+00   2.476867e+00 0 1
632   2.353516e-01   3.599634e-01   1.442166e+00   2.476868e+00 0 0
633   2.373047e-01   3.599633e-01   1.442167e+00   2.476867e+00 0 0
634   2.392578e-01   3.599631e-01   1.442169e+00   2.476864e+00 0 0
635   2.412109e-01   3.599628e-01   1.442172e+00   2.476860e+00 0 0
636   2.431641e-01   3.599624e-01   1.442176e+00   2.476856e+00 0 0
637   2.451172e-01   3.599621e-01   1.442179e+00   2.476852e+00 0 0
638   2.470703e-01   3.599618e-01   1.442182e+00   2.476849e+00 0 0
639   2.490234e-01   3.599616e-01   1.442183e+00   2.476847e+00 0 0
640   2.509766e-01   3.599616e-01   1.442183e+00   2.476847e+00 0 1
641   2.529297e-01   3.599618e-01   1.442182e+00   2.476849e+00 0 1
642   2.548828e-01   3.599621e-01   1.442179e+00   2.476852e+00 0 1
643   2.568359e-01   3.599625e-01   1.442175e+00   2.476857e+00 0 1
644   2.587891e-01   3.599629e-01   1.442172e+00   2.476861e+00 0 1
645   2.607422e-01   3.599632e-01   1.442169e+00   2.476865e+00 0 1
646   2.626953e-01   3.599634e-01   1.442167e+00   2.476867e+00 0 1
647   2.646484e-01   3.599634e-01   1.442167e+00   2.476867e+00 0 0
648   2.666016e-01   3.599632e-01   1.442168e+00   2.476866e+00 0 0
649   2.685547e-01   3.599630e-01   1.442171e+00   2.476863e+00 0 0
650   2.705078e-01   3.599627e-01   1.442173e+00   2.476859e+00 0 0
651   2.724609e-01   3.599623e-01   1.442176e+00   2.476856e+00 0 0
652   2.744141e-01   3.599620e-01   1.442179e+00   2.476852e+00 0 0
653   2.763672e-01   3.599618e-01   1.442181e+00   2.476849e+00 0 0
654   2.783203e-01   3.599617e-01   1.442183e+00   2.476848e+00 0 0
655   2.802734e-01   3.599617e-01   1.442183e+00   2.476848e+00 0 1
656   2.822266e-01   3.599618e-01   1.442181e+00   2.476850e+00 0 1
657   2.841797e-01   3.599621e-01   1.442178e+00   2.476853e+00 0 1
658   2.861328e-01   3.599625e-01   1.442175e+00   2.476858e+00 0 1
659   2.880859e-01   3.599629e-01   1.442171e+00   2.476862e+00 0 1
660   2.900391e-01   3.599632e-01   1.442168e+00   2.476866e+00 0 1
661   2.919922e-01   3.599634e-01   1.442167e+00   2.476867e+00 0 1
662   2.939453e-01   3.599633e-01   1.442167e+00   2.476867e+00 0 0
663   2.958984e-01   3.599631e-01   1.442169e+00   2.476865e+00 0 0
664   2.978516e-01   3.599628e-01   1.442171e+00   2.476862e+00 0 0
665   2.998047e-01   3.599625e-01   1.442175e+00   2.476858e+00 0 0
666   3.017578e-01   3.599622e-01   1.442178e+00   2.476854e+00 0 0
667   3.037109e-01   3.599619e-01   1.442180e+00   2.476851e+00 0 0
668   3.056641e-01   3.599617e-01   1.442182e+00   2.476849e+00 0 0
669   3.076172e-01   3.599617e-01   1.442182e+00   2.476848e+00 0 0
670   3.095703e-01   3.599617e-01   1.442182e+00   2.476849e+00 0 1
671   3.115234e-01   3.599619e-01   1.442180e+00   2.476851e+00 0 1
672   3.134766e-01   3.599622e-01   1.442177e+00   2.476855e+00 0 1
673   3.154297e-01   3.599626e-01   1.442173e+00   2.476859e+00 0 1
674   3.173828e-01   3.599629e-01   1.442170e+00   2.476863e+00 0 1
675   3.193359e-01   3.599632e-01   1.442168e+00   2.476866e+00 0 1
676   3.212891e-01   3.599633e-01   1.442167e+00   2.476867e+00 0 1
677   3.232422e-01   3.599632e-01   1.442167e+00   2.476867e+00 0 0
678   3.251953e-01   3.599630e-01   1.442169e+00   2.476864e+00 0 0
679   3.271484e-01   3.599627e-01   1.442172e+00   2.476861e+00 0 0
680   3.291016e-01   3.599623e-01   1.442175e+00   2.476857e+00 0 0
681   3.310547e-01   3.599620e-01   1.442178e+00   2.476853e+00 0 0
682   3.330078e-01   3.599618e-01   1.442181e+00   2.476850e+00 0 0
683   3.349609e-01   3.599616e-01   1.442182e+00   2.476849e+00 0 0
684   3.369141e-01   3.599616e-01   1.442182e+00   2.476848e+00 0 1
685   3.388672e-01   3.599617e-01   1.442181e+00   2.476850e+00 0 1
686   3.408203e-01   3.599619e-01   1.442179e+00   2.476852e+00 0 1
687   3.427734e-01   3.599621e-01   1.442177e+00   2.476855e+00 0 1
688   3.447266e-01   3.599625e-01   1.442174e+00   2.476859e+00 0 1
689   3.466797e-01   3.599628e-01   1.442171e+00   2.476863e+00 0 1
690   3.486328e-01   3.599630e-01   1.442168e+00   2.476865e+00 0 1
691   3.505859e-01   3.599631e-01   1.442167e+00   2.476867e+00 0 1
692   3.525391e-01   3.599631e-01   1.442168e+00   2.476866e+00 0 0
693   3.544922e-01   3.599629e-01   1.442169e+00   2.476864e+00 0 0
694   3.564453e-01   3.599626e-01   1.442172e+00   2.476861e+00 0 0
695   3.583984e-01   3.599623e-01   1.442175e+00   2.476858e+00 0 0
696   3.603516e-01   3.599619e-01   1.442178e+00   2.476854e+00 0 0
697   3.623047e-01   3.599616e-01   1.442180e+00   2.476851e+00 0 0
698   3.642578e-01   3.599614e-01   1.442182e+00   2.476849e+00 0 0
699   3.662109e-01   3.599613e-01   1.442182e+00   2.476848e+00 0 0
700   3.681641e-01   3.599614e-01   1.442182e+00   2.476849e+00 0 1
701   3.701172e-01   3.599616e-01   1.442180e+00   2.476851e+00 0 1
702   3.720703e-01   3.599619e-01   1.442177e+00   2.476855e+00 0 1
703   3.740234e-01   3.599622e-01   1.442174e+00   2.476859e+00 0 1
704   3.759766e-01   3.599625e-01   1.442170e+00   2.476863e+00 0 1
705   3.779297e-01   3.599627e-01   1.442168e+00   2.476866e+00 0 1
706   3.798828e-01   3.599628e-01   1.442167e+00   2.476867e+00 0 1
707   3.818359e-01   3.599627e-01   1.442167e+00   2.476867e+00 0 0
708   3.837891e-01   3.599625e-01   1.442169e+00   2.476865e+00 0 0
709   3.857422e-01   3.599622e-01   1.442172e+00   2.476861e+00 0 0
710   3.876953e-01   3.599618e-01   1.442175e+00   2.476858e+00 0 0
711   3.896484e-01   3.599614e-01   1.442178e+00   2.476854e+00 0 0
712   3.916016e-01   3.599610e-01   1.442181e+00   2.476851e+00 0 0
713   3.935547e-01   3.599608e-01   1.442182e+00   2.476848e+00 0 0
714   3.955078e-01   3.599606e-01   1.442183e+00   2.476847e+00 0 0
715   3.974609e-01   3.599606e-01   1.442182e+00   2.476848e+00 0 1
716   3.994141e-01   3.599607e-01   1.442180e+00   2.476851e+00 0 1
717   4.013672e-01   3.599609e-01   1.442177e+00   2.476855e+00 0 1
718   4.033203e-01   3.599612e-01   1.442173e+00   2.476859e+00 0 1
719   4.052734e-01   3.599615e-01   1.442170e+00   2.476864e+00 0 1
720   4.072266e-01   3.599617e-01   1.442167e+00   2.476867e+00 0 1
721   4.091797e-01   3.599615e-01   1.442166e+00   2.476868e+00 0 1
722   4.111328e-01   3.599612e-01   1.442167e+00   2.476867e+00 0 0
723   4.130859e-01   3.599607e-01   1.442169e+00   2.476865e+00 0 0
724   4.150391e-01   3.599602e-01   1.442172e+00   2.476861e+00 0 0
725   4.169922e-01   3.599596e-01   1.442175e+00   2.476857e+00 0 0
726   4.189453e-01   3.599589e-01   1.442178e+00   2.476853e+00 0 0
727   4.208984e-01   3.599579e-01   1.442181e+00   2.476850e+00 0 0
728   4.228516e-01   3.599569e-01   1.442183e+00   2.476847e+00 0 0
729   4.248047e-01   3.599564e-01   1.442183e+00   2.476847e+00 0 1
730   4.267578e-01   3.599564e-01   1.442182e+00   2.476848e+00 0 1
731   4.287109e-01   3.599559e-01   1.442180e+00   2.476851e+00 0 1
732   4.306641e-01   3.599541e-01   1.442176e+00   2.476856e+00 0 1
733   4.326172e-01   3.599509e-01   1.442173e+00   2.476860e+00 0 1
734   4.345703e-01   3.599483e-01   1.442169e+00   2.476864e+00 0 1
735   4.365234e-01   3.599488e-01   1.442167e+00   2.476867e+00 0 1
736   4.384766e-01   3.599525e-01   1.442167e+00   2.476868e+00 0 0
737   4.404297e-01   3.599560e-01   1.442167e+00   2.476866e+00 0 0
738   4.423828e-01   3.599567e-01   1.442170e+00   2.476864e+00 0 0
739   4.443359e-01   3.599731e-01   1.442173e+00   2.476860e+00 0 0
740   4.462891e-01   3.604270e-01   1.442176e+00   2.476856e+00 0 0
741   4.482422e-01   3.615625e-01   1.442179e+00   2.476853e+00 0 0
742   4.501953e-01   3.627627e-01   1.442181e+00   2.476850e+00 0 0
743   4.521484e-01   3.632622e-01   1.442183e+00   2.476848e+00 0 0
744   4.541016e-01   3.633723e-01   1.442183e+00   2.476848e+00 0 1
745   4.560547e-01   3.735389e-01   1.442181e+00   2.476849e+00 0 1
746   4.580078e-01   4.385940e-01   1.442179e+00   2.476853e+00 0 1
747   4.599609e-01   5.685872e-01   1.442175e+00   2.476859e+00 0 1
748   4.619141e-01   7.377902e-01   1.442171e+00   2.476866e+00 0 1
749   4.638672e-01   9.032718e-01   1.442169e+00   2.476871e+00 0 1
750   4.658203e-01   1.025799e+00   1.442170e+00   2.476870e+00 0 0
751   4.677734e-01   1.087108e+00   1.442173e+00   2.476862e+00 0 0
752   4.697266e-01   1.099115e+00   1.442177e+00   2.476853e+00 0 0
753   4.716797e-01   1.099112e+00   1.442179e+00   2.476846e+00 0 0
754   4.736328e-01   1.099056e+00   1.442180e+00   2.476845e+00 0 1
755   4.755859e-01   1.098976e+00   1.442178e+00   2.476850e+00 0 1
756   4.775391e-01   1.099020e+00   1.442174e+00   2.476859e+00 0 1
757   4.794922e-01   1.099315e+00   1.442170e+00   2.476869e+00 0 1
758   4.814453e-01   1.099758e+00   1.442169e+00   2.476871e+00 0 0
759   4.833984e-01   1.100163e+00   1.442172e+00   2.476866e+00 0 0
760   4.853516e-01   1.100400e+00   1.442175e+00   2.476857e+00 0 0
761   4.873047e-01   1.100461e+00   1.442179e+00   2.476848e+00 0 0
762   4.892578e-01   1.100461e+00   1.442180e+00   2.476845e+00 0 0
763   4.912109e-01   1.100461e+00   1.442179e+00   2.476847e+00 0 1
764   4.931641e-01   1.100464e+00   1.442176e+00   2.476854e+00 0 1
765   4.951172e-01   1.100469e+00   1.442172e+00   2.476864e+00 0 1
766   4.970703e-01   1.100472e+00   1.442170e+00   2.476870e+00 0 1
767   4.990234e-01   1.100473e+00   1.442170e+00   2.476869e+00 0 0
768   5.009766e-01   1.100471e+00   1.442173e+00   2.476862e+00 0 0
769   5.029297e-01   1.100469e+00   1.442177e+00   2.476853e+00 0 0
770   5.048828e-01   1.100466e+00   1.442179e+00   2.476847e+00 0 0
771   5.068359e-01   1.100465e+00   1.442180e+00   2.476845e+00 0 1
772   5.087891e-01   1.100466e+00   1.442178e+00   2.476849e+00 0 1
773   5.107422e-01   1.100469e+00   1.442174e+00   2.476858e+00 0 1
774   5.126953e-01   1.100471e+00   1.442171e+00   2.476867e+00 0 1
775   5.146484e-01   1.100472e+00   1.442169e+00   2.476871e+00 0 0
776   5.166016e-01   1.100471e+00   1.442171e+00   2.476867e+00 0 0
777   5.185547e-01   1.100469e+00   1.442174e+00   2.476859e+00 0 0
778   5.205078e-01   1.100467e+00   1.442178e+00   2.476850e+00 0 0
779   5.224609e-01   1.100466e+00   1.442180e+00   2.476845e+00 0 0
780   5.244141e-01   1.100467e+00   1.442180e+00   2.476845e+00 0 1
781   5.263672e-01   1.100469e+00   1.442177e+00   2.476852e+00 0 1
782   5.283203e-01   1.100473e+00   1.442172e+00   2.476863e+00 0 1
783   5.302734e-01   1.100475e+00   1.442169e+00   2.476871e+00 0 1
784   5.322266e-01   1.100476e+00   1.442170e+00   2.476871e+00 0 0
785   5.341797e-01   1.100475e+00   1.442172e+00   2.476864e+00 0 0
786   5.361328e-01   1.100473e+00   1.442176e+00   2.476854e+00 0 0
787   5.380859e-01   1.100471e+00   1.442180e+00   2.476846e+00 0 0
788   5.400391e-01   1.100471e+00   1.442181e+00   2.476843e+00 0 1
789   5.419922e-01   1.100473e+00   1.442179e+00   2.476847e+00 0 1
790   5.439453e-01   1.100476e+00   1.442174e+00   2.476858e+00 0 1
791   5.458984e-01   1.100479e+00   1.442170e+00   2.476868e+00 0 1
792   5.478516e-01   1.100480e+00   1.442169e+00   2.476872e+00 0 0
793   5.498047e-01   1.100479e+00   1.442171e+00   2.476868e+00 0 0
794   5.517578e-01   1.100477e+00   1.442174e+00   2.476859e+00 0 0
795   5.537109e-01   1.100474e+00   1.442178e+00   2.476850e+00 0 0
796   5.556641e-01   1.100473e+00   1.442181e+00   2.476844e+00 0 0
797   5.576172e-01   1.100473e+00   1.442180e+00   2.476844e+00 0 1
798   5.595703e-01   1.100476e+00   1.442177e+00   2.476853e+00 0 1
799   5.615234e-01   1.100479e+00   1.442172e+00   2.476865e+00 0 1
800   5.634766e-01   1.100481e+00   1.442169e+00   2.476871e+00 0 1
801   5.654297e-01   1.100480e+00   1.442170e+00   2.476869e+00 0 0
802   5.673828e-01   1.100478e+00   1.442173e+00   2.476862e+00 0 0
803   5.693359e-01   1.100476e+00   1.442176e+00   2.476854e+00 0 0
804   5.712891e-01   1.100474e+00   1.442179e+00   2.476847e+00 0 0
805   5.732422e-01   1.100473e+00   1.442181e+00   2.476844e+00 0 1
806   5.751953e-01   1.100475e+00   1.442179e+00   2.476848e+00 0 1
807   5.771484e-01   1.100478e+00   1.442174e+00   2.476860e+00 0 1
808   5.791016e-01   1.100480e+00   1.442170e+00   2.476870e+00 0 1
809   5.810547e-01   1.100481e+00   1.442169e+00   2.476871e+00 0 0
810   5.830078e-01   1.100479e+00   1.442172e+00   2.476865e+00 0 0
811   5.849609e-01   1.100477e+00   1.442176e+00   2.476856e+00 0 0
812   5.869141e-01   1.100475e+00   1.442178e+00   2.476849e+00 0 0
813   5.888672e-01   1.100474e+00   1.442180e+00   2.476845e+00 0 0
814   5.908203e-01   1.100474e+00   1.442179e+00   2.476846e+00 0 1
815   5.927734e-01   1.100476e+00   1.442176e+00   2.476855e+00 0 1
816   5.947266e-01   1.100479e+00   1.442171e+00   2.476866e+00 0 1
817   5.966797e-01   1.100481e+00   1.442169e+00   2.476872e+00 0 1
818   5.986328e-01   1.100480e+00   1.442171e+00   2.476868e+00 0 0
819   6.005859e-01   1.100478e+00   1.442174e+00   2.476860e+00 0 0
820   6.025391e-01   1.100476e+00   1.442177e+00   2.476852e+00 0 0
821   6.044922e-01   1.100474e+00   1.442179e+00   2.476846e+00 0 0
822   6.064453e-01   1.100474e+00   1.442180e+00   2.476845e+00 0 1
823   6.083984e-01   1.100475e+00   1.442178e+00   2.476850e+00 0 1
824   6.103516e-01   1.100478e+00   1.442173e+00   2.476860e+00 0 1
825   6.123047e-01   1.100480e+00   1.442170e+00   2.476869e+00 0 1
826   6.142578e-01   1.100480e+00   1.442170e+00   2.476870e+00 0 0
827   6.162109e-01   1.100479e+00   1.442172e+00   2.476865e+00 0 0
828   6.181641e-01   1.100477e+00   1.442175e+00   2.476858e+00 0 0
829   6.201172e-01   1.100475e+00   1.442178e+00   2.476850e+00 0 0
830   6.220703e-01   1.100474e+00   1.442180e+00   2.476844e+00 0 0
831   6.240234e-01   1.100474e+00   1.442180e+00   2.476845e+00 0 1
832   6.259766e-01   1.100476e+00   1.442176e+00   2.476854e+00 0 1
833   6.279297e-01   1.100479e+00   1.442171e+00   2.476865e+00 0 1
834   6.298828e-01   1.100481e+00   1.442169e+00   2.476871e+00 0 1
835   6.318359e-01   1.100480e+00   1.442170e+00   2.476868e+00 0 0
836   6.337891e-01   1.100478e+00   1.442173e+00   2.476862e+00 0 0
837   6.357422e-01   1.100477e+00   1.442176e+00   2.476855e+00 0 0
838   6.376953e-01   1.100474e+00   1.442180e+00   2.476846e+00 0 0
839   6.396484e-01   1.100473e+00   1.442181e+00   2.476842e+00 0 1
840   6.416016e-01   1.100475e+00   1.442179e+00   2.476848e+00 0 1
841   6.435547e-01   1.100478e+00   1.442173e+00   2.476860e+00 0 1
842   6.455078e-01   1.100480e+00   1.442169e+00   2.476870e+00 0 1
843   6.474609e-01   1.100481e+00   1.442169e+00   2.476871e+00 0 0
844   6.494141e-01   1.100479e+00   1.442171e+00   2.476866e+00 0 0
845   6.513672e-01   1.100478e+00   1.442174e+00   2.476859e+00 0 0
846   6.533203e-01   1.100475e+00   1.442178e+00   2.476850e+00 0 0
847   6.552734e-01   1.100473e+00   1.442181e+00   2.476842e+00 0 0
848   6.572266e-01   1.100473e+00   1.442181e+00   2.476843e+00 0 1
849   6.591797e-01   1.100476e+00   1.442176e+00   2.476854e+00 0 1
850   6.611328e-01   1.100480e+00   1.442171e+00   2.476867e+00 0 1
851   6.630859e-01   1.100481e+00   1.442169e+00   2.476871e+00 0 1
852   6.650391e-01   1.100480e+00   1.442170e+00   2.476868e+00 0 0
853   6.669922e-01   1.100478e+00   1.442173e+00   2.476863e+00 0 0
854   6.689453e-01   1.100476e+00   1.442176e+00   2.476855e+00 0 0
855   6.708984e-01   1.100474e+00   1.442180e+00   2.476846e+00 0 0
856   6.728516e-01   1.100473e+00   1.442182e+00   2.476841e+00 0 1
857   6.748047e-01   1.100475e+00   1.442179e+00   2.476848e+00 0 1
858   6.767578e-01   1.100479e+00   1.442172e+00   2.476862e+00 0 1
859   6.787109e-01   1.100481e+00   1.442169e+00   2.476871e+00 0 1
860   6.806641e-01   1.100480e+00   1.442170e+00   2.476869e+00 0 0
861   6.826172e-01   1.100479e+00   1.442172e+00   2.476864e+00 0 0
862   6.845703e-01   1.100477e+00   1.442175e+00   2.476858e+00 0 0
863   6.865234e-01   1.100475e+00   1.442178e+00   2.476850e+00 0 0
864   6.884766e-01   1.100473e+00   1.442181e+00   2.476843e+00 0 0
865   6.904297e-01   1.100473e+00   1.442181e+00   2.476844e+00 0 1
866   6.923828e-01   1.100477e+00   1.442176e+00   2.476855e+00 0 1
867   6.943359e-01   1.100480e+00   1.442170e+00   2.476869e+00 0 1
868   6.962891e-01   1.100481e+00   1.442169e+00   2.476872e+00 0 0
869   6.982422e-01   1.100480e+00   1.442171e+00   2.476866e+00 0 0
870   7.001953e-01   1.100478e+00   1.442174e+00   2.476859e+00 0 0
871   7.021484e-01   1.100476e+00   1.442177e+00   2.476853e+00 0 0
872   7.041016e-01   1.100474e+00   1.442179e+00   2.476847e+00 0 0
873   7.060547e-01   1.100473e+00   1.442181e+00   2.476842e+00 0 1
874   7.080078e-01   1.100475e+00   1.442178e+00   2.476849e+00 0 1
875   7.099609e-01   1.100479e+00   1.442172e+00   2.476864e+00 0 1
876   7.119141e-01   1.100481e+00   1.442168e+00   2.476873e+00 0 1
877   7.138672e-01   1.100480e+00   1.442170e+00   2.476869e+00 0 0
878   7.158203e-01   1.100478e+00   1.442173e+00   2.476862e+00 0 0
879   7.177734e-01   1.100477e+00   1.442176e+00   2.476857e+00 0 0
880   7.197266e-01   1.100476e+00   1.442178e+00   2.476851e+00 0 0
881   7.216797e-01   1.100474e+00   1.442181e+00   2.476843e+00 0 0
882   7.236328e-01   1.100473e+00   1.442181e+00   2.476843e+00 0 1
883   7.255859e-01   1.100477e+00   1.442175e+00   2.476856e+00 0 1
884   7.275391e-01   1.100480e+00   1.442169e+00   2.476870e+00 0 1
885   7.294922e-01   1.100480e+00   1.442169e+00   2.476870e+00 0 0
886   7.314453e-01   1.100479e+00   1.442172e+00   2.476866e+00 0 0
887   7.333984e-01   1.100478e+00   1.442173e+00   2.476862e+00 0 0
888   7.353516e-01   1.100477e+00   1.442175e+00   2.476856e+00 0 0
889   7.373047e-01   1.100474e+00   1.442180e+00   2.476847e+00 0 0
890   7.392578e-01   1.100473e+00   1.442183e+00   2.476839e+00 0 1
891   7.412109e-01   1.100475e+00   1.442179e+00   2.476848e+00 0 1
892   7.431641e-01   1.100479e+00   1.442171e+00   2.476865e+00 0 1
893   7.451172e-01   1.100481e+00   1.442169e+00   2.476870e+00 0 1
894   7.470703e-01   1.100480e+00   1.442170e+00   2.476868e+00 0 0
895   7.490234e-01   1.100479e+00   1.442172e+00   2.476864e+00 0 0
896   7.509766e-01   1.100478e+00   1.442174e+00   2.476860e+00 0 0
897   7.529297e-01   1.100475e+00   1.442177e+00   2.476851e+00 0 0
898   7.548828e-01   1.100472e+00   1.442183e+00   2.476840e+00 0 0
899   7.568359e-01   1.100473e+00   1.442182e+00   2.476840e+00 0 1
900   7.587891e-01   1.100477e+00   1.442175e+00   2.476858e+00 0 1
901   7.607422e-01   1.100481e+00   1.442169e+00   2.476870e+00 0 1
902   7.626953e-01   1.100481e+00   1.442169e+00   2.476870e+00 0 0
903   7.646484e-01   1.100480e+00   1.442171e+00   2.476867e+00 0 0
904   7.666016e-01   1.100479e+00   1.442172e+00   2.476863e+00 0 0
905   7.685547e-01   1.100477e+00   1.442175e+00   2.476857e+00 0 0
906   7.705078e-01   1.100473e+00   1.442181e+00   2.476844e+00 0 0
907   7.724609e-01   1.100471e+00   1.442184e+00   2.476836e+00 0 1
908   7.744141e-01   1.100474e+00   1.442179e+00   2.476847e+00 0 1
909   7.763672e-01   1.100480e+00   1.442170e+00   2.476867e+00 0 1
910   7.783203e-01   1.100481e+00   1.442169e+00   2.476872e+00 0 0
911   7.802734e-01   1.100480e+00   1.442170e+00   2.476868e+00 0 0
912   7.822266e-01   1.100479e+00   1.442172e+00   2.476864e+00 0 0
913   7.841797e-01   1.100478e+00   1.442173e+00   2.476861e+00 0 0
914   7.861328e-01   1.100476e+00   1.442177e+00   2.476852e+00 0 0
915   7.880859e-01   1.100472e+00   1.442184e+00   2.476838e+00 0 0
916   7.900391e-01   1.100472e+00   1.442184e+00   2.476837e+00 0 1
917   7.919922e-01   1.100477e+00   1.442174e+00   2.476858e+00 0 1
918   7.939453e-01   1.100481e+00   1.442167e+00   2.476874e+00 0 1
919   7.958984e-01   1.100481e+00   1.442169e+00   2.476871e+00 0 0
920   7.978516e-01   1.100479e+00   1.442173e+00   2.476863e+00 0 0
921   7.998047e-01   1.100478e+00   1.442174e+00   2.476860e+00 0 0
922   8.017578e-01   1.100478e+00   1.442174e+00   2.476859e+00 0 0
923   8.037109e-01   1.100474e+00   1.442180e+00   2.476847e+00 0 0
924   8.056641e-01   1.100471e+00   1.442185e+00   2.476835e+00 0 0
925   8.076172e-01   1.100474e+00   1.442180e+00   2.476846e+00 0 1
926   8.095703e-01   1.100481e+00   1.442168e+00   2.476871e+00 0 1
927   8.115234e-01   1.100482e+00   1.442166e+00   2.476877e+00 0 0
928   8.134766e-01   1.100479e+00   1.442172e+00   2.476865e+00 0 0
929   8.154297e-01   1.100477e+00   1.442175e+00   2.476859e+00 0 0
930   8.173828e-01   1.100477e+00   1.442175e+00   2.476859e+00 0 0
931   8.193359e-01   1.100477e+00   1.442175e+00   2.476856e+00 0 0
932   8.212891e-01   1.100472e+00   1.442184e+00   2.476837e+00 0 0
933   8.232422e-01   1.100471e+00   1.442185e+00   2.476834e+00 0 1
934   8.251953e-01   1.100479e+00   1.442173e+00   2.476862e+00 0 1
935   8.271484e-01   1.100484e+00   1.442164e+00   2.476881e+00 0 1
936   8.291016e-01   1.100481e+00   1.442169e+00   2.476872e+00 0 0
937   8.310547e-01   1.100478e+00   1.442176e+00   2.476857e+00 0 0
938   8.330078e-01   1.100479e+00   1.442174e+00   2.476859e+00 0 1
939   8.349609e-01   1.100477e+00   1.442171e+00   2.476865e+00 0 0
940   8.369141e-01   1.100469e+00   1.442181e+00   2.476842e+00 0 1
941   8.388672e-01   1.100442e+00   1.442132e+00   2.476709e+00 0 1
942   8.408203e-01   1.100389e+00   1.442021e+00   2.476510e+00 0 1
943   8.427734e-01   1.100315e+00   1.441847e+00   2.476276e+00 0 1
944   8.447266e-01   1.056273e+00   1.367530e+00   2.316943e+00 0 1
945   8.466797e-01   7.149179e-01   6.429288e-01   1.170040e+00 0 1
946   8.486328e-01   5.022756e-01   6.832644e-03   5.755678e-01 0 1
947   8.505859e-01   4.999987e-01  -3.722869e-06   5.709974e-01 0 1
948   8.525391e-01   4.999999e-01  -3.633340e-07   5.709997e-01 0 0
949   8.544922e-01   5.000000e-01   1.531951e-18   5.710000e-01 0 0
950   8.564453e-01   5.000000e-01   0.000000e+00   5.710000e-01 0 1
951   8.583984e-01   5.000000e-01   0.000000e+00   5.710000e-01 0 0
952   8.603516e-01   5.000000e-01   0.000000e+00   5.710000e-01 0 0
953   8.623047e-01   5.000000e-01   0.000000e+00   5.710000e-01 0 0
954   8.642578e-01   5.000000e-01   0.000000e+00   5.710000e-01 0 0
955   8.662109e-01   5.000000e-01   0.000000e+00   5.710000e-01 0 0
956   8.681641e-01   5.000000e-01   0.000000e+00   5.710000e-01 0 0
957   8.701172e-01   5.000000e-01   0.000000e+00   5.710000e-01 0 0
958   8.720703e-01   5.000000e-01   0.000000e+00   5.710000e-01 0 0
959   8.740234e-01   5.000000e-01   0.000000e+00   5.710000e-01 0 0
960   8.759766e-01   5.000000e-01   0.000000e+00   5.710000e-01 0 0
961   8.779297e-01   5.000000e-01   0.000000e+00   5.710000e-01 0 0
962   8.798828e-01   5.000000e-01   0.000000e+00   5.710000e-01 0 0
963   8.818359e-01   5.000000e-01   0.000000e+00   5.710000e-01 0 0
964   8.837891e-01   5.000000e-01   0.000000e+00   5.710000e-01 0 0
965   8.857422e-01   5.000000e-01   0.000000e+00   5.710000e-01 0 0
966   8.876953e-01   5.000000e-01   0.000000e+00   5.710000e-01 0 0
967   8.896484e-01   5.000000e-01   0.000000e+00   5.710000e-01 0 0
968   8.916016e-01   5.000000e-01   0.000000e+00   5.710000e-01 0 0
969   8.935547e-01   5.000000e-01   0.000000e+00   5.710000e-01 0 0
970   8.955078e-01   5.000000e-01   0.000000e+00   5.710000e-01 0 0
971   8.974609e-01   5.000000e-01   0.000000e+00   5.710000e-01 0 0
972   8.994141e-01   5.000000e-01   0.000000e+00   5.710000e-01 0 0
973   9.013672e-01   5.000000e-01   0.000000e+00   5.710000e-01 0 0
974   9.033203e-01   5.000000e-01   0.000000e+00   5.710000e-01 0 0
975   9.052734e-01   5.000000e-01   0.000000e+00   5.710000e-01 0 0
976   9.072266e-01   5.000000e-01   0.000000e+00   5.710000e-01 0 0
977   9.091797e-01   5.000000e-01   0.000000e+00   5.710000e-01 0 0
978   9.111328e-01   5.000000e-01   0.000000e+00   5.710000e-01 0 0
979   9.130859e-01   5.000000e-01   0.000000e+00   5.710000e-01 0 0
980   9.150391e-01   5.000000e-01   0.000000e+00   5.710000e-01 0 0
981   9.169922e-01   5.000000e-01   0.000000e+00   5.710000e-01 0 0
982   9.189453e-01   5.000000e-01   0.000000e+00   5.710000e-01 0 0
983   9.208984e-01   5.000000e-01   0.000000e+00   5.710000e-01 0 0
984   9.228516e-01   5.000000e-01   0.000000e+00   5.710000e-01 0 0
985   9.248047e-01   5.000000e-01   0.000000e+00   5.710000e-01 0 0
986   9.267578e-01   5.000000e-01   0.000000e+00   5.710000e-01 0 0
987   9.287109e-01   5.000000e-01   0.000000e+00   5.710000e-01 0 0
988   9.306641e-01   5.000000e-01   0.000000e+00   5.710000e-01 0 0
989   9.326172e-01   5.000000e-01   0.000000e+00   5.710000e-01 0 0
990   9.345703e-01   5.000000e-01   0.000000e+00   5.710000e-01 0 0
991   9.365234e-01   5.000000e-01   0.000000e+00   5.710000e-01 0 0
992   9.384766e-01   5.000000e-01   0.000000e+00   5.710000e-01 0 0
993   9.404297e-01   5.000000e-01   0.000000e+00   5.710000e-01 0 0
994   9.423828e-01   5.000000e-01   0.000000e+00   5.710000e-01 0 0
995   9.443359e-01   5.000000e-01   0.000000e+00   5.710000e-01 0 0
996   9.462891e-01   5.000000e-01   0.000000e+00   5.710000e-01 0 0
997   9.482422e-01   5.000000e-01   0.000000e+00   5.710000e-01 0 0
998   9.501953e-01   5.000000e-01   0.000000e+00   5.710000e-01 0 0
999   9.521484e-01   5.000000e-01   0.000000e+00   5.710000e-01 0 0
1000   9.541016e-01   5.000000e-01   0.000000e+00   5.710000e-01 0 0
1001   9.560547e-01   5.000000e-01   0.000000e+00   5.710000e-01 0 0
1002   9.580078e-01   5.000000e-01   0.000000e+00   5.710000e-01 0 0
1003   9.599609e-01   5.000000e-01   0.000000e+00   5.710000e-01 0 0
1004   9.619141e-01   5.000000e-01   0.000000e+00   5.710000e-01 0 0
1005   9.638672e-01   5.000000e-01   0.000000e+00   5.710000e-01 0 0
1006   9.658203e-01   5.000000e-01   0.000000e+00   5.710000e-01 0 0
1007   9.677734e-01   5.000000e-01   0.000000e+00   5.710000e-01 0 0
1008   9.697266e-01   5.000000e-01   0.000000e+00   5.710000e-01 0 0
1009   9.716797e-01   5.000000e-01   0.000000e+00   5.710000e-01 0 0
1010   9.736328e-01   5.000000e-01   0.000000e+00   5.710000e-01 0 0
1011   9.755859e-01   5.000000e-01   0.000000e+00   5.710000e-01 0 0
1012   9.775391e-01   5.000000e-01   0.000000e+00   5.710000e-01 0 0
1013   9.794922e-01   5.000000e-01   0.000000e+00   5.710000e-01 0 0
1014   9.814453e-01   5.000000e-01   0.000000e+00   5.710000e-01 0 0
1015   9.833984e-01   5.000000e-01   0.000000e+00   5.710000e-01 0 0
1016   9.853516e-01   5.000000e-01   0.000000e+00   5.710000e-01 0 0
1017   9.873047e-01   5.000000e-01   0.000000e+00   5.710000e-01 0 0
1018   9.892578e-01   5.000000e-01   0.000000e+00   5.710000e-01 0 0
1019   9.912109e-01   5.000000e-01   0.000000e+00   5.710000e-01 0 0
1020   9.931641e-01   5.000000e-01   0.000000e+00   5.710000e-01 0 0
1021   9.951172e-01   5.000000e-01   0.000000e+00   5.710000e-01 0 0
1022   9.970703e-01   5.000000e-01   0.000000e+00   5.710000e-01 0 0
1023   9.990234e-01   5.000000e-01   0.000000e+00   5.710000e-01 0 0
