0  -9.990234e-01   3.857143e+00   2.629369e+00   1.033330e+01 0 0
1  -9.970703e-01   3.857143e+00   2.629369e+00   1.033330e+01 0 0
2  -9.951172e-01   3.857143e+00   2.629369e+00   1.033330e+01 0 0
3  -9.931641e-01   3.857143e+00   2.629369e+00   1.033330e+01 0 0
4  -9.912109e-01   3.857143e+00   2.629369e+00   1.033330e+01 0 0
5  -9.892578e-01   3.857143e+00   2.629369e+00   1.033330e+01 0 0
6  -9.873047e-01   3.857143e+00   2.629369e+00   1.033330e+01 0 0
7  -9.853516e-01   3.857143e+00   2.629369e+00   1.033330e+01 0 0
8  -9.833984e-01   3.857143e+00   2.629369e+00   1.033330e+01 0 0
9  -9.814453e-01   3.857143e+00   2.629369e+00   1.033330e+01 0 0
10  -9.794922e-01   3.857143e+00   2.629369e+00   1.033330e+01 0 0
11  -9.775391e-01   3.857143e+00   2.629369e+00   1.033330e+01 0 0
12  -9.755859e-01   3.857143e+00   2.629369e+00   1.033330e+01 0 0
13  -9.736328e-01   3.857143e+00   2.629369e+00   1.033330e+01 0 0
14  -9.716797e-01   3.857143e+00   2.629369e+00   1.033330e+01 0 0
15  -9.697266e-01   3.857143e+00   2.629369e+00   1.033330e+01 0 0
16  -9.677734e-01   3.857143e+00   2.629369e+00   1.033330e+01 0 0
17  -9.658203e-01   3.857143e+00   2.629369e+00   1.033330e+01 0 0
18  -9.638672e-01   3.857143e+00   2.629369e+00   1.033330e+01 0 0
19  -9.619141e-01   3.857143e+00   2.629369e+00   1.033330e+01 0 0
20  -9.599609e-01   3.857143e+00   2.629369e+00   1.033330e+01 0 0
21  -9.580078e-01   3.857143e+00   2.629369e+00   1.033330e+01 0 0
22  -9.560547e-01   3.857143e+00   2.629369e+00   1.033330e+01 0 0
23  -9.541016e-01   3.857143e+00   2.629369e+00   1.033330e+01 0 0
24  -9.521484e-01   3.857143e+00   2.629369e+00   1.033330e+01 0 0
25  -9.501953e-01   3.857143e+00   2.629369e+00   1.033330e+01 0 0
26  -9.482422e-01   3.857143e+00   2.629369e+00   1.033330e+01 0 0
27  -9.462891e-01   3.857143e+00   2.629369e+00   1.033330e+01 0 0
28  -9.443359e-01   3.857143e+00   2.629369e+00   1.033330e+01 0 0
29  -9.423828e-01   3.857143e+00   2.629369e+00   1.033330e+01 0 0
30  -9.404297e-01   3.857143e+00   2.629369e+00   1.033330e+01 0 0
31  -9.384766e-01   3.857143e+00   2.629369e+00   1.033330e+01 0 0
32  -9.365234e-01   3.857143e+00   2.629369e+00   1.033330e+01 0 0
33  -9.345703e-01   3.857143e+00   2.629369e+00   1.033330e+01 0 0
34  -9.326172e-01   3.857143e+00   2.629369e+00   1.033330e+01 0 0
35  -9.306641e-01   3.857143e+00   2.629369e+00   1.033330e+01 0 0
36  -9.287109e-01   3.857143e+00   2.629369e+00   1.033330e+01 0 0
37  -9.267578e-01   3.857143e+00   2.629369e+00   1.033330e+01 0 0
38  -9.248047e-01   3.857143e+00   2.629369e+00   1.033330e+01 0 0
39  -9.228516e-01   3.857143e+00   2.629369e+00   1.033330e+01 0 0
40  -9.208984e-01   3.857143e+00   2.629369e+00   1.033330e+01 0 0
41  -9.189453e-01   3.857143e+00   2.629369e+00   1.033330e+01 0 0
42  -9.169922e-01   3.857143e+00   2.629369e+00   1.033330e+01 0 0
43  -9.150391e-01   3.857143e+00   2.629369e+00   1.033330e+01 0 0
44  -9.130859e-01   3.857143e+00   2.629369e+00   1.033330e+01 0 0
45  -9.111328e-01   3.857143e+00   2.629369e+00   1.033330e+01 0 0
46  -9.091797e-01   3.857143e+00   2.629369e+00   1.033330e+01 0 0
47  -9.072266e-01   3.857143e+00   2.629369e+00   1.033330e+01 0 0
48  -9.052734e-01   3.857143e+00   2.629369e+00   1.033330e+01 0 0
49  -9.033203e-01   3.857143e+00   2.629369e+00   1.033330e+01 0 0
50  -9.013672e-01   3.857143e+00   2.629369e+00   1.033330e+01 0 0
51  -8.994141e-01   3.857143e+00   2.629369e+00   1.033330e+01 0 0
52  -8.974609e-01   3.857143e+00   2.629369e+00   1.033330e+01 0 0
53  -8.955078e-01   3.857143e+00   2.629369e+00   1.033330e+01 0 0
54  -8.935547e-01   3.857143e+00   2.629369e+00   1.033330e+01 0 0
55  -8.916016e-01   3.857143e+00   2.629369e+00   1.033330e+01 0 0
56  -8.896484e-01   3.857143e+00   2.629369e+00   1.033330e+01 0 0
57  -8.876953e-01   3.857143e+00   2.629369e+00   1.033330e+01 0 0
58  -8.857422e-01   3.857143e+00   2.629369e+00   1.033330e+01 0 0
59  -8.837891e-01   3.857143e+00   2.629369e+00   1.033330e+01 0 0
60  -8.818359e-01   3.857143e+00   2.629369e+00   1.033330e+01 0 0
61  -8.798828e-01   3.857143e+00   2.629369e+00   1.033330e+01 0 0
62  -8.779297e-01   3.857143e+00   2.629369e+00   1.033330e+01 0 0
63  -8.759766e-01   3.857143e+00   2.629369e+00   1.033330e+01 0 0
64  -8.740234e-01   3.857143e+00   2.629369e+00   1.033330e+01 0 0
65  -8.720703e-01   3.857143e+00   2.629369e+00   1.033330e+01 0 0
66  -8.701172e-01   3.857143e+00   2.629369e+00   1.033330e+01 0 0
67  -8.681641e-01   3.857143e+00   2.629369e+00   1.033330e+01 0 0
68  -8.662109e-01   3.857143e+00   2.629369e+00   1.033330e+01 0 0
69  -8.642578e-01   3.857143e+00   2.629369e+00   1.033330e+01 0 0
70  -8.623047e-01   3.857143e+00   2.629369e+00   1.033330e+01 0 0
71  -8.603516e-01   3.857143e+00   2.629369e+00   1.033330e+01 0 0
72  -8.583984e-01   3.857143e+00   2.629369e+00   1.033330e+01 0 0
73  -8.564453e-01   3.857143e+00   2.629369e+00   1.033330e+01 0 0
74  -8.544922e-01   3.857143e+00   2.629369e+00   1.033330e+01 0 0
75  -8.525391e-01   3.857143e+00   2.629369e+00   1.033330e+01 0 0
76  -8.505859e-01   3.857143e+00   2.629369e+00   1.033330e+01 0 0
77  -8.486328e-01   3.857143e+00   2.629369e+00   1.033330e+01 0 0
78  -8.466797e-01   3.857143e+00   2.629369e+00   1.033330e+01 0 0
79  -8.447266e-01   3.857143e+00   2.629369e+00   1.033330e+01 0 0
80  -8.427734e-01   3.857143e+00   2.629369e+00   1.033330e+01 0 0
81  -8.408203e-01   3.857143e+00   2.629369e+00   1.033330e+01 0 0
82  -8.388672e-01   3.857143e+00   2.629369e+00   1.033330e+01 0 0
83  -8.369141e-01   3.857143e+00   2.629369e+00   1.033330e+01 0 0
84  -8.349609e-01   3.857143e+00   2.629369e+00   1.033330e+01 0 0
85  -8.330078e-01   3.857143e+00   2.629369e+00   1.033330e+01 0 0
86  -8.310547e-01   3.857143e+00   2.629369e+00   1.033330e+01 0 0
87  -8.291016e-01   3.857143e+00   2.629369e+00   1.033330e+01 0 0
88  -8.271484e-01   3.857143e+00   2.629369e+00   1.033330e+01 0 0
89  -8.251953e-01   3.857143e+00   2.629369e+00   1.033330e+01 0 0
90  -8.232422e-01   3.857143e+00   2.629369e+00   1.033330e+01 0 0
91  -8.212891e-01   3.857143e+00   2.629369e+00   1.033330e+01 0 0
92  -8.193359e-01   3.857143e+00   2.629369e+00   1.033330e+01 0 0
93  -8.173828e-01   3.857143e+00   2.629369e+00   1.033330e+01 0 0
94  -8.154297e-01   3.857143e+00   2.629369e+00   1.033330e+01 0 0
95  -8.134766e-01   3.857143e+00   2.629369e+00   1.033330e+01 0 0
96  -8.115234e-01   3.857143e+00   2.629369e+00   1.033330e+01 0 0
97  -8.095703e-01   3.857143e+00   2.629369e+00   1.033330e+01 0 0
98  -8.076172e-01   3.857143e+00   2.629369e+00   1.033330e+01 0 0
99  -8.056641e-01   3.857143e+00   2.629369e+00   1.033330e+01 0 0
100  -8.037109e-01   3.857143e+00   2.629369e+00   1.033330e+01 0 1
101  -8.017578e-01   3.857143e+00   2.629369e+00   1.033330e+01 0 1
102  -7.998047e-01   3.857143e+00   2.629369e+00   1.033330e+01 0 1
103  -7.978516e-01   3.857143e+00   2.629369e+00   1.033330e+01 0 1
104  -7.958984e-01   3.857143e+00   2.629369e+00   1.033330e+01 0 0
105  -7.939453e-01   3.857143e+00   2.629369e+00   1.033330e+01 0 1
106  -7.919922e-01   3.857143e+00   2.629369e+00   1.033330e+01 0 1
107  -7.900391e-01   3.857143e+00   2.629369e+00   1.033330e+01 0 0
108  -7.880859e-01   3.857143e+00   2.629369e+00   1.033330e+01 0 1
109  -7.861328e-01   3.857143e+00   2.629369e+00   1.033330e+01 0 1
110  -7.841797e-01   3.857143e+00   2.629369e+00   1.033330e+01 0 1
111  -7.822266e-01   3.857143e+00   2.629369e+00   1.033330e+01 0 0
112  -7.802734e-01   3.857143e+00   2.629369e+00   1.033330e+01 0 1
113  -7.783203e-01   3.857143e+00   2.629369e+00   1.033330e+01 0 1
114  -7.763672e-01   3.857143e+00   2.629369e+00   1.033330e+01 0 0
115  -7.744141e-01   3.857143e+00   2.629369e+00   1.033330e+01 0 0
116  -7.724609e-01   3.857143e+00   2.629369e+00   1.033330e+01 0 0
117  -7.705078e-01   3.857143e+00   2.629369e+00   1.033330e+01 0 0
118  -7.685547e-01   3.857143e+00   2.629369e+00   1.033330e+01 0 0
119  -7.666016e-01   3.857143e+00   2.629369e+00   1.033330e+01 0 0
120  -7.646484e-01   3.857143e+00   2.629369e+00   1.033330e+01 0 0
121  -7.626953e-01   3.857143e+00   2.629369e+00   1.033330e+01 0 0
122  -7.607422e-01   3.857143e+00   2.629369e+00   1.033330e+01 0 0
123  -7.587891e-01   3.857143e+00   2.629369e+00   1.033330e+01 0 0
124  -7.568359e-01   3.857143e+00   2.629369e+00   1.033330e+01 0 0
125  -7.548828e-01   3.857143e+00   2.629369e+00   1.033330e+01 0 0
126  -7.529297e-01   3.857143e+00   2.629369e+00   1.033330e+01 0 1
127  -7.509766e-01   3.857143e+00   2.629369e+00   1.033330e+01 0 1
128  -7.490234e-01   3.857143e+00   2.629369e+00   1.033330e+01 0 0
129  -7.470703e-01   3.857143e+00   2.629369e+00   1.033330e+01 0 0
130  -7.451172e-01   3.857143e+00   2.629369e+00   1.033330e+01 0 0
131  -7.431641e-01   3.857143e+00   2.629369e+00   1.033330e+01 0 0
132  -7.412109e-01   3.857143e+00   2.629369e+00   1.033330e+01 0 0
133  -7.392578e-01   3.857143e+00   2.629369e+00   1.033330e+01 0 0
134  -7.373047e-01   3.857143e+00   2.629369e+00   1.033330e+01 0 0
135  -7.353516e-01   3.857143e+00   2.629369e+00   1.033330e+01 0 1
136  -7.333984e-01   3.857143e+00   2.629369e+00   1.033330e+01 0 0
137  -7.314453e-01   3.857143e+00   2.629369e+00   1.033330e+01 0 0
138  -7.294922e-01   3.857143e+00   2.629369e+00   1.033330e+01 0 0
139  -7.275391e-01   3.857143e+00   2.629369e+00   1.033330e+01 0 0
140  -7.255859e-01   3.857143e+00   2.629369e+00   1.033330e+01 0 0
141  -7.236328e-01   3.857143e+00   2.629369e+00   1.033330e+01 0 1
142  -7.216797e-01   3.857143e+00   2.629369e+00   1.033330e+01 0 1
143  -7.197266e-01   3.857143e+00   2.629369e+00   1.033330e+01 0 0
144  -7.177734e-01   3.857143e+00   2.629369e+00   1.033330e+01 0 1
145  -7.158203e-01   3.857143e+00   2.629369e+00   1.033330e+01 0 1
146  -7.138672e-01   3.857143e+00   2.629369e+00   1.033330e+01 0 0
147  -7.119141e-01   3.857143e+00   2.629369e+00   1.033330e+01 0 0
148  -7.099609e-01   3.857143e+00   2.629369e+00   1.033330e+01 0 0
149  -7.080078e-01   3.857143e+00   2.629369e+00   1.033330e+01 0 0
150  -7.060547e-01   3.857143e+00   2.629369e+00   1.033330e+01 0 0
151  -7.041016e-01   3.857143e+00   2.629369e+00   1.033330e+01 0 0
152  -7.021484e-01   3.857143e+00   2.629369e+00   1.033330e+01 0 0
153  -7.001953e-01   3.857143e+00   2.629369e+00   1.033330e+01 0 0
154  -6.982422e-01   3.857143e+00   2.629369e+00   1.033330e+01 0 0
155  -6.962891e-01   3.857143e+00   2.629369e+00   1.033330e+01 0 0
156  -6.943359e-01   3.857143e+00   2.629369e+00   1.033330e+01 0 0
157  -6.923828e-01   3.857143e+00   2.629369e+00   1.033330e+01 0 0
158  -6.904297e-01   3.857143e+00   2.629369e+00   1.033330e+01 0 0
159  -6.884766e-01   3.857143e+00   2.629369e+00   1.033330e+01 0 0
160  -6.865234e-01   3.857143e+00   2.629369e+00   1.033330e+01 0 0
161  -6.845703e-01   3.857143e+00   2.629369e+00   1.033330e+01 0 0
162  -6.826172e-01   3.857143e+00   2.629369e+00   1.033330e+01 0 0
163  -6.806641e-01   3.857143e+00   2.629369e+00   1.033330e+01 0 0
164  -6.787109e-01   3.857143e+00   2.629369e+00   1.033330e+01 0 0
165  -6.767578e-01   3.857143e+00   2.629369e+00   1.033330e+01 0 0
166  -6.748047e-01   3.857143e+00   2.629369e+00   1.033330e+01 0 0
167  -6.728516e-01   3.857143e+00   2.629369e+00   1.033330e+01 0 0
168  -6.708984e-01   3.857143e+00   2.629369e+00   1.033330e+01 0 0
169  -6.689453e-01   3.857143e+00   2.629369e+00   1.033330e+01 0 1
170  -6.669922e-01   3.857143e+00   2.629369e+00   1.033330e+01 0 1
171  -6.650391e-01   3.857143e+00   2.629369e+00   1.033330e+01 0 1
172  -6.630859e-01   3.857143e+00   2.629369e+00   1.033330e+01 0 1
173  -6.611328e-01   3.857143e+00   2.629369e+00   1.033330e+01 0 1
174  -6.591797e-01   3.857143e+00   2.629369e+00   1.033330e+01 0 1
175  -6.572266e-01   3.857143e+00   2.629369e+00   1.033330e+01 0 1
176  -6.552734e-01   3.857143e+00   2.629369e+00   1.033330e+01 0 1
177  -6.533203e-01   3.857143e+00   2.629369e+00   1.033330e+01 0 1
178  -6.513672e-01   3.857143e+00   2.629369e+00   1.033330e+01 0 1
179  -6.494141e-01   3.857143e+00   2.629369e+00   1.033330e+01 0 1
180  -6.474609e-01   3.857143e+00   2.629369e+00   1.033330e+01 0 1
181  -6.455078e-01   3.857155e+00   2.629363e+00   1.033335e+01 0 1
182  -6.435547e-01   3.857245e+00   2.629313e+00   1.033375e+01 0 1
183  -6.416016e-01   3.857299e+00   2.629283e+00   1.033400e+01 0 1
184  -6.396484e-01   3.858598e+00   2.628571e+00   1.033980e+01 0 1
185  -6.376953e-01   3.951877e+00   2.577284e+00   1.076484e+01 0 1
186  -6.357422e-01   4.106740e+00   2.495284e+00   1.147330e+01 0 1
187  -6.337891e-01   4.143162e+00   2.476303e+00   1.164255e+01 0 1
188  -6.318359e-01   4.144976e+00   2.475353e+00   1.165108e+01 0 1
189  -6.298828e-01   4.150664e+00   2.472378e+00   1.167779e+01 0 1
190  -6.279297e-01   4.157103e+00   2.469022e+00   1.170798e+01 0 1
191  -6.259766e-01   4.161257e+00   2.466863e+00   1.172744e+01 0 1
192  -6.240234e-01   4.164344e+00   2.465256e+00   1.174192e+01 0 1
193  -6.220703e-01   4.167089e+00   2.463823e+00   1.175485e+01 0 1
194  -6.201172e-01   4.169426e+00   2.462605e+00   1.176587e+01 0 1
195  -6.181641e-01   4.171325e+00   2.461620e+00   1.177479e+01 0 1
196  -6.162109e-01   4.172851e+00   2.460832e+00   1.178193e+01 0 1
197  -6.142578e-01   4.174042e+00   2.460215e+00   1.178752e+01 0 1
198  -6.123047e-01   4.174926e+00   2.459753e+00   1.179171e+01 0 1
199  -6.103516e-01   4.175534e+00   2.459436e+00   1.179458e+01 0 1
200  -6.083984e-01   4.175892e+00   2.459251e+00   1.179625e+01 0 1
201  -6.064453e-01   4.176016e+00   2.459189e+00   1.179681e+01 0 1
202  -6.044922e-01   4.175919e+00   2.459238e+00   1.179635e+01 0 0
203  -6.025391e-01   4.175623e+00   2.459390e+00   1.179497e+01 0 0
204  -6.005859e-01   4.175151e+00   2.459635e+00   1.179275e+01 0 0
205  -5.986328e-01   4.174517e+00   2.459967e+00   1.178975e+01 0 0
206  -5.966797e-01   4.173729e+00   2.460380e+00   1.178603e+01 0 0
207  -5.947266e-01   4.172799e+00   2.460864e+00   1.178165e+01 0 0
208  -5.927734e-01   4.171743e+00   2.461412e+00   1.177668e+01 0 0
209  -5.908203e-01   4.170570e+00   2.462022e+00   1.177117e+01 0 0
210  -5.888672e-01   4.169283e+00   2.462693e+00   1.176510e+01 0 0
211  -5.869141e-01   4.167880e+00   2.463423e+00   1.175849e+01 0 0
212  -5.849609e-01   4.166374e+00   2.464205e+00   1.175141e+01 0 0
213  -5.830078e-01   4.164792e+00   2.465028e+00   1.174398e+01 0 0
214  -5.810547e-01   4.163151e+00   2.465883e+00   1.173626e+01 0 0
215  -5.791016e-01   4.161442e+00   2.466775e+00   1.172823e+01 0 0
216  -5.771484e-01   4.159626e+00   2.467723e+00   1.171969e+01 0 0
217  -5.751953e-01   4.157651e+00   2.468752e+00   1.171041e+01 0 0
218  -5.732422e-01   4.155483e+00   2.469882e+00   1.170024e+01 0 0
219  -5.712891e-01   4.153120e+00   2.471115e+00   1.168914e+01 0 0
220  -5.693359e-01   4.150585e+00   2.472438e+00   1.167725e+01 0 0
221  -5.673828e-01   4.147921e+00   2.473828e+00   1.166476e+01 0 0
222  -5.654297e-01   4.145170e+00   2.475263e+00   1.165186e+01 0 0
223  -5.634766e-01   4.142365e+00   2.476728e+00   1.163872e+01 0 0
224  -5.615234e-01   4.139525e+00   2.478213e+00   1.162542e+01 0 0
225  -5.595703e-01   4.136657e+00   2.479713e+00   1.161200e+01 0 0
226  -5.576172e-01   4.133762e+00   2.481229e+00   1.159845e+01 0 0
227  -5.556641e-01   4.130838e+00   2.482760e+00   1.158477e+01 0 0
228  -5.537109e-01   4.127881e+00   2.484308e+00   1.157096e+01 0 0
229  -5.517578e-01   4.124889e+00   2.485876e+00   1.155698e+01 0 0
230  -5.498047e-01   4.121857e+00   2.487465e+00   1.154282e+01 0 0
231  -5.478516e-01   4.118777e+00   2.489079e+00   1.152844e+01 0 0
232  -5.458984e-01   4.115648e+00   2.490720e+00   1.151384e+01 0 0
233  -5.439453e-01   4.112468e+00   2.492389e+00   1.149901e+01 0 0
234  -5.419922e-01   4.109242e+00   2.494084e+00   1.148398e+01 0 0
235  -5.400391e-01   4.105972e+00   2.495803e+00   1.146875e+01 0 0
236  -5.380859e-01   4.102661e+00   2.497544e+00   1.145333e+01 0 0
237  -5.361328e-01   4.099308e+00   2.499309e+00   1.143773e+01 0 0
238  -5.341797e-01   4.095911e+00   2.501097e+00   1.142193e+01 0 0
239  -5.322266e-01   4.092466e+00   2.502911e+00   1.140592e+01 0 0
240  -5.302734e-01   4.088974e+00   2.504751e+00   1.138970e+01 0 0
241  -5.283203e-01   4.085436e+00   2.506616e+00   1.137328e+01 0 0
242  -5.263672e-01   4.081860e+00   2.508501e+00   1.135669e+01 0 0
243  -5.244141e-01   4.078254e+00   2.510404e+00   1.133996e+01 0 0
244  -5.224609e-01   4.074624e+00   2.512322e+00   1.132314e+01 0 0
245  -5.205078e-01   4.070971e+00   2.514252e+00   1.130623e+01 0 0
246  -5.185547e-01   4.067295e+00   2.516197e+00   1.128921e+01 0 0
247  -5.166016e-01   4.063590e+00   2.518158e+00   1.127207e+01 0 0
248  -5.146484e-01   4.059851e+00   2.520138e+00   1.125479e+01 0 0
249  -5.126953e-01   4.056075e+00   2.522138e+00   1.123734e+01 0 0
250  -5.107422e-01   4.052261e+00   2.524160e+00   1.121973e+01 0 0
251  -5.087891e-01   4.048412e+00   2.526200e+00   1.120197e+01 0 0
252  -5.068359e-01   4.044532e+00   2.528259e+00   1.118408e+01 0 0
253  -5.048828e-01   4.040625e+00   2.530333e+00   1.116608e+01 0 0
254  -5.029297e-01   4.036696e+00   2.532422e+00   1.114798e+01 0 0
255  -5.009766e-01   4.032745e+00   2.534523e+00   1.112980e+01 0 0
256  -4.990234e-01   4.028774e+00   2.536637e+00   1.111153e+01 0 0
257  -4.970703e-01   4.024782e+00   2.538763e+00   1.109319e+01 0 0
258  -4.951172e-01   4.020771e+00   2.540901e+00   1.107476e+01 0 0
259  -4.931641e-01   4.016740e+00   2.543050e+00   1.105626e+01 0 0
260  -4.912109e-01   4.012691e+00   2.545210e+00   1.103769e+01 0 0
261  -4.892578e-01   4.008625e+00   2.547380e+00   1.101905e+01 0 0
262  -4.873047e-01   4.004545e+00   2.549559e+00   1.100036e+01 0 0
263  -4.853516e-01   4.000451e+00   2.551747e+00   1.098162e+01 0 0
264  -4.833984e-01   3.996344e+00   2.553944e+00   1.096283e+01 0 0
265  -4.814453e-01   3.992226e+00   2.556149e+00   1.094400e+01 0 0
266  -4.794922e-01   3.988095e+00   2.558363e+00   1.092513e+01 0 0
267  -4.775391e-01   3.983951e+00   2.560585e+00   1.090622e+01 0 0
268  -4.755859e-01   3.979796e+00   2.562815e+00   1.088726e+01 0 0
269  -4.736328e-01   3.975627e+00   2.565052e+00   1.086826e+01 0 0
270  -4.716797e-01   3.971447e+00   2.567297e+00   1.084922e+01 0 0
271  -4.697266e-01   3.967254e+00   2.569551e+00   1.083013e+01 0 0
272  -4.677734e-01   3.963049e+00   2.571812e+00   1.081100e+01 0 0
273  -4.658203e-01   3.958834e+00   2.574081e+00   1.079184e+01 0 0
274  -4.638672e-01   3.954609e+00   2.576357e+00   1.077265e+01 0 0
275  -4.619141e-01   3.950377e+00   2.578639e+00   1.075344e+01 0 0
276  -4.599609e-01   3.946139e+00   2.580926e+00   1.073421e+01 0 0
277  -4.580078e-01   3.941895e+00   2.583217e+00   1.071498e+01 0 0
278  -4.560547e-01   3.937647e+00   2.585513e+00   1.069574e+01 0 0
279  -4.541016e-01   3.933395e+00   2.587812e+00   1.067649e+01 0 0
280  -4.521484e-01   3.929137e+00   2.590115e+00   1.065723e+01 0 0
281  -4.501953e-01   3.924876e+00   2.592421e+00   1.063797e+01 0 0
282  -4.482422e-01   3.920613e+00   2.594731e+00   1.061871e+01 0 0
283  -4.462891e-01   3.916349e+00   2.597042e+00   1.059947e+01 0 0
284  -4.443359e-01   3.912087e+00   2.599354e+00   1.058025e+01 0 0
285  -4.423828e-01   3.907828e+00   2.601667e+00   1.056106e+01 0 0
286  -4.404297e-01   3.903575e+00   2.603979e+00   1.054191e+01 0 0
287  -4.384766e-01   3.899328e+00   2.606289e+00   1.052279e+01 0 0
288  -4.365234e-01   3.895086e+00   2.608598e+00   1.050372e+01 0 0
289  -4.345703e-01   3.890851e+00   2.610904e+00   1.048469e+01 0 0
290  -4.326172e-01   3.886623e+00   2.613208e+00   1.046570e+01 0 0
291  -4.306641e-01   3.882404e+00   2.615508e+00   1.044677e+01 0 0
292  -4.287109e-01   3.878194e+00   2.617805e+00   1.042790e+01 0 0
293  -4.267578e-01   3.873997e+00   2.620097e+00   1.040909e+01 0 0
294  -4.248047e-01   3.869812e+00   2.622384e+00   1.039035e+01 0 0
295  -4.228516e-01   3.865643e+00   2.624664e+00   1.037170e+01 0 0
296  -4.208984e-01   3.861490e+00   2.626938e+00   1.035313e+01 0 0
297  -4.189453e-01   3.857354e+00   2.629204e+00   1.033466e+01 0 0
298  -4.169922e-01   3.853238e+00   2.631460e+00   1.031628e+01 0 0
299  -4.150391e-01   3.849141e+00   2.633707e+00   1.029800e+01 0 0
300  -4.130859e-01   3.845065e+00   2.635944e+00   1.027983e+01 0 0
301  -4.111328e-01   3.841011e+00   2.638171e+00   1.026177e+01 0 0
302  -4.091797e-01   3.836978e+00   2.640386e+00   1.024382e+01 0 0
303  -4.072266e-01   3.832970e+00   2.642591e+00   1.022598e+01 0 0
304  -4.052734e-01   3.828987e+00   2.644783e+00   1.020828e+01 0 0
305  -4.033203e-01   3.825032e+00   2.646962e+00   1.019071e+01 0 0
306  -4.013672e-01   3.821107e+00   2.649125e+00   1.017328e+01 0 0
307  -3.994141e-01   3.817217e+00   2.651272e+00   1.015602e+01 0 0
308  -3.974609e-01   3.813363e+00   2.653399e+00   1.013894e+01 0 0
309  -3.955078e-01   3.809548e+00   2.655506e+00   1.012204e+01 0 0
310  -3.935547e-01   3.805776e+00   2.657591e+00   1.010533e+01 0 0
311  -3.916016e-01   3.802050e+00   2.659651e+00   1.008885e+01 0 0
312  -3.896484e-01   3.798372e+00   2.661685e+00   1.007258e+01 0 0
313  -3.876953e-01   3.794747e+00   2.663692e+00   1.005656e+01 0 0
314  -3.857422e-01   3.791178e+00   2.665670e+00   1.004080e+01 0 0
315  -3.837891e-01   3.787670e+00   2.667615e+00   1.002532e+01 0 0
316  -3.818359e-01   3.784225e+00   2.669527e+00   1.001013e+01 0 0
317  -3.798828e-01   3.780850e+00   2.671401e+00   9.995245e+00 0 0
318  -3.779297e-01   3.777547e+00   2.673236e+00   9.980696e+00 0 0
319  -3.759766e-01   3.774324e+00   2.675028e+00   9.966503e+00 0 0
320  -3.740234e-01   3.771185e+00   2.676773e+00   9.952691e+00 0 0
321  -3.720703e-01   3.768137e+00   2.678468e+00   9.939286e+00 0 0
322  -3.701172e-01   3.765186e+00   2.680110e+00   9.926311e+00 0 0
323  -3.681641e-01   3.762338e+00   2.681696e+00   9.913801e+00 0 0
324  -3.662109e-01   3.759605e+00   2.683219e+00   9.901794e+00 0 0
325  -3.642578e-01   3.756995e+00   2.684674e+00   9.890340e+00 0 0
326  -3.623047e-01   3.754520e+00   2.686056e+00   9.879480e+00 0 0
327  -3.603516e-01   3.752189e+00   2.687357e+00   9.869257e+00 0 0
328  -3.583984e-01   3.750014e+00   2.688571e+00   9.859722e+00 0 0
329  -3.564453e-01   3.748014e+00   2.689689e+00   9.850955e+00 0 0
330  -3.544922e-01   3.746209e+00   2.690697e+00   9.843049e+00 0 0
331  -3.525391e-01   3.744618e+00   2.691586e+00   9.836080e+00 0 0
332  -3.505859e-01   3.743252e+00   2.692349e+00   9.830096e+00 0 0
333  -3.486328e-01   3.742128e+00   2.692977e+00   9.825173e+00 0 0
334  -3.466797e-01   3.741289e+00   2.693446e+00   9.821500e+00 0 0
335  -3.447266e-01   3.740805e+00   2.693717e+00   9.819379e+00 0 0
336  -3.427734e-01   3.740731e+00   2.693759e+00   9.819054e+00 0 1
337  -3.408203e-01   3.741057e+00   2.693578e+00   9.820479e+00 0 1
338  -3.388672e-01   3.741713e+00   2.693212e+00   9.823346e+00 0 1
339  -3.369141e-01   3.742669e+00   2.692678e+00   9.827526e+00 0 1
340  -3.349609e-01   3.744072e+00   2.691894e+00   9.833666e+00 0 1
341  -3.330078e-01   3.746281e+00   2.690660e+00   9.843334e+00 0 1
342  -3.310547e-01   3.749721e+00   2.688739e+00   9.858402e+00 0 1
343  -3.291016e-01   3.754664e+00   2.685980e+00   9.880072e+00 0 1
344  -3.271484e-01   3.761161e+00   2.682358e+00   9.908580e+00 0 1
345  -3.251953e-01   3.769235e+00   2.677864e+00   9.944054e+00 0 1
346  -3.232422e-01   3.779160e+00   2.672347e+00   9.987733e+00 0 1
347  -3.212891e-01   3.791568e+00   2.665464e+00   1.004245e+01 0 1
348  -3.193359e-01   3.807412e+00   2.656696e+00   1.011250e+01 0 1
349  -3.173828e-01   3.827893e+00   2.645398e+00   1.020333e+01 0 1
350  -3.154297e-01   3.853973e+00   2.631069e+00   1.031946e+01 0 1
351  -3.134766e-01   3.885213e+00   2.613989e+00   1.045926e+01 0 1
352  -3.115234e-01   3.919080e+00   2.595577e+00   1.061167e+01 0 1
353  -3.095703e-01   3.952090e+00   2.577734e+00   1.076105e+01 0 1
354  -3.076172e-01   3.981752e+00   2.561788e+00   1.089597e+01 0 1
355  -3.056641e-01   4.007273e+00   2.548131e+00   1.101260e+01 0 1
356  -3.037109e-01   4.028990e+00   2.536556e+00   1.111223e+01 0 1
357  -3.017578e-01   4.047595e+00   2.526672e+00   1.119788e+01 0 1
358  -2.998047e-01   4.063705e+00   2.518138e+00   1.127225e+01 0 1
359  -2.978516e-01   4.077737e+00   2.510723e+00   1.133719e+01 0 1
360  -2.958984e-01   4.090017e+00   2.504247e+00   1.139415e+01 0 1
361  -2.939453e-01   4.100877e+00   2.498531e+00   1.144461e+01 0 1
362  -2.919922e-01   4.110564e+00   2.493440e+00   1.148970e+01 0 1
363  -2.900391e-01   4.119176e+00   2.488922e+00   1.152984e+01 0 1
364  -2.880859e-01   4.126775e+00   2.484940e+00   1.156531e+01 0 1
365  -2.861328e-01   4.133517e+00   2.481412e+00   1.159682e+01 0 1
366  -2.841797e-01   4.139582e+00   2.478241e+00   1.162519e+01 0 1
367  -2.822266e-01   4.145039e+00   2.475391e+00   1.165074e+01 0 1
368  -2.802734e-01   4.149874e+00   2.472868e+00   1.167339e+01 0 1
369  -2.783203e-01   4.154122e+00   2.470653e+00   1.169331e+01 0 1
370  -2.763672e-01   4.157887e+00   2.468690e+00   1.171098e+01 0 1
371  -2.744141e-01   4.161243e+00   2.466942e+00   1.172674e+01 0 1
372  -2.724609e-01   4.164189e+00   2.465408e+00   1.174057e+01 0 1
373  -2.705078e-01   4.166717e+00   2.464092e+00   1.175245e+01 0 1
374  -2.685547e-01   4.168875e+00   2.462970e+00   1.176260e+01 0 1
375  -2.666016e-01   4.170732e+00   2.462005e+00   1.177133e+01 0 1
376  -2.646484e-01   4.172301e+00   2.461189e+00   1.177871e+01 0 1
377  -2.626953e-01   4.173557e+00   2.460537e+00   1.178461e+01 0 1
378  -2.607422e-01   4.174500e+00   2.460047e+00   1.178905e+01 0 1
379  -2.587891e-01   4.175180e+00   2.459694e+00   1.179225e+01 0 1
380  -2.568359e-01   4.175650e+00   2.459450e+00   1.179446e+01 0 1
381  -2.548828e-01   4.175914e+00   2.459312e+00   1.179570e+01 0 1
382  -2.529297e-01   4.175946e+00   2.459295e+00   1.179585e+01 0 0
383  -2.509766e-01   4.175735e+00   2.459405e+00   1.179485e+01 0 0
384  -2.490234e-01   4.175312e+00   2.459625e+00   1.179286e+01 0 0
385  -2.470703e-01   4.174726e+00   2.459931e+00   1.179010e+01 0 0
386  -2.451172e-01   4.174001e+00   2.460308e+00   1.178669e+01 0 0
387  -2.431641e-01   4.173129e+00   2.460761e+00   1.178258e+01 0 0
388  -2.412109e-01   4.172092e+00   2.461301e+00   1.177770e+01 0 0
389  -2.392578e-01   4.170887e+00   2.461928e+00   1.177203e+01 0 0
390  -2.373047e-01   4.169535e+00   2.462630e+00   1.176567e+01 0 0
391  -2.353516e-01   4.168070e+00   2.463392e+00   1.175878e+01 0 0
392  -2.333984e-01   4.166513e+00   2.464202e+00   1.175146e+01 0 0
393  -2.314453e-01   4.164872e+00   2.465056e+00   1.174374e+01 0 0
394  -2.294922e-01   4.163130e+00   2.465964e+00   1.173556e+01 0 0
395  -2.275391e-01   4.161262e+00   2.466937e+00   1.172678e+01 0 0
396  -2.255859e-01   4.159245e+00   2.467988e+00   1.171730e+01 0 0
397  -2.236328e-01   4.157064e+00   2.469125e+00   1.170707e+01 0 0
398  -2.216797e-01   4.154703e+00   2.470356e+00   1.169599e+01 0 0
399  -2.197266e-01   4.152139e+00   2.471692e+00   1.168396e+01 0 0
400  -2.177734e-01   4.149356e+00   2.473144e+00   1.167090e+01 0 0
401  -2.158203e-01   4.146364e+00   2.474706e+00   1.165688e+01 0 0
402  -2.138672e-01   4.143216e+00   2.476349e+00   1.164213e+01 0 0
403  -2.119141e-01   4.139985e+00   2.478038e+00   1.162700e+01 0 0
404  -2.099609e-01   4.136733e+00   2.479738e+00   1.161179e+01 0 0
405  -2.080078e-01   4.133483e+00   2.481438e+00   1.159659e+01 0 0
406  -2.060547e-01   4.130220e+00   2.483146e+00   1.158133e+01 0 0
407  -2.041016e-01   4.126911e+00   2.484879e+00   1.156587e+01 0 0
408  -2.021484e-01   4.123528e+00   2.486651e+00   1.155007e+01 0 0
409  -2.001953e-01   4.120067e+00   2.488465e+00   1.153392e+01 0 0
410  -1.982422e-01   4.116532e+00   2.490319e+00   1.151742e+01 0 0
411  -1.962891e-01   4.112931e+00   2.492208e+00   1.150064e+01 0 0
412  -1.943359e-01   4.109269e+00   2.494131e+00   1.148358e+01 0 0
413  -1.923828e-01   4.105542e+00   2.496089e+00   1.146622e+01 0 0
414  -1.904297e-01   4.101745e+00   2.498085e+00   1.144855e+01 0 0
415  -1.884766e-01   4.097877e+00   2.500120e+00   1.143057e+01 0 0
416  -1.865234e-01   4.093942e+00   2.502191e+00   1.141228e+01 0 0
417  -1.845703e-01   4.089950e+00   2.504294e+00   1.139373e+01 0 0
418  -1.826172e-01   4.085906e+00   2.506425e+00   1.137496e+01 0 0
419  -1.806641e-01   4.081805e+00   2.508588e+00   1.135594e+01 0 0
420  -1.787109e-01   4.077632e+00   2.510790e+00   1.133660e+01 0 0
421  -1.767578e-01   4.073382e+00   2.513034e+00   1.131691e+01 0 0
422  -1.748047e-01   4.069070e+00   2.515313e+00   1.129695e+01 0 0
423  -1.728516e-01   4.064726e+00   2.517610e+00   1.127686e+01 0 0
424  -1.708984e-01   4.060374e+00   2.519914e+00   1.125674e+01 0 0
425  -1.689453e-01   4.056012e+00   2.522224e+00   1.123659e+01 0 0
426  -1.669922e-01   4.051620e+00   2.524552e+00   1.121632e+01 0 0
427  -1.650391e-01   4.047171e+00   2.526911e+00   1.119580e+01 0 0
428  -1.630859e-01   4.042648e+00   2.529312e+00   1.117495e+01 0 0
429  -1.611328e-01   4.038045e+00   2.531756e+00   1.115376e+01 0 0
430  -1.591797e-01   4.033367e+00   2.534243e+00   1.113223e+01 0 0
431  -1.572266e-01   4.028632e+00   2.536762e+00   1.111045e+01 0 0
432  -1.552734e-01   4.023873e+00   2.539296e+00   1.108858e+01 0 0
433  -1.533203e-01   4.019121e+00   2.541828e+00   1.106677e+01 0 0
434  -1.513672e-01   4.014388e+00   2.544352e+00   1.104506e+01 0 0
435  -1.494141e-01   4.009649e+00   2.546881e+00   1.102334e+01 0 0
436  -1.474609e-01   4.004866e+00   2.549435e+00   1.100143e+01 0 0
437  -1.455078e-01   4.000013e+00   2.552029e+00   1.097922e+01 0 0
438  -1.435547e-01   3.995099e+00   2.554657e+00   1.095675e+01 0 0
439  -1.416016e-01   3.990158e+00   2.557303e+00   1.093417e+01 0 0
440  -1.396484e-01   3.985218e+00   2.559949e+00   1.091162e+01 0 0
441  -1.376953e-01   3.980284e+00   2.562595e+00   1.088911e+01 0 0
442  -1.357422e-01   3.975339e+00   2.565250e+00   1.086657e+01 0 0
443  -1.337891e-01   3.970363e+00   2.567923e+00   1.084391e+01 0 0
444  -1.318359e-01   3.965353e+00   2.570616e+00   1.082112e+01 0 0
445  -1.298828e-01   3.960319e+00   2.573325e+00   1.079823e+01 0 0
446  -1.279297e-01   3.955272e+00   2.576043e+00   1.077530e+01 0 0
447  -1.259766e-01   3.950221e+00   2.578765e+00   1.075238e+01 0 0
448  -1.240234e-01   3.945167e+00   2.581491e+00   1.072946e+01 0 0
449  -1.220703e-01   3.940109e+00   2.584221e+00   1.070655e+01 0 0
450  -1.201172e-01   3.935047e+00   2.586957e+00   1.068363e+01 0 0
451  -1.181641e-01   3.929975e+00   2.589700e+00   1.066069e+01 0 0
452  -1.162109e-01   3.924890e+00   2.592453e+00   1.063771e+01 0 0
453  -1.142578e-01   3.919794e+00   2.595214e+00   1.061470e+01 0 0
454  -1.123047e-01   3.914696e+00   2.597978e+00   1.059170e+01 0 0
455  -1.103516e-01   3.909609e+00   2.600739e+00   1.056877e+01 0 0
456  -1.083984e-01   3.904539e+00   2.603492e+00   1.054594e+01 0 0
457  -1.064453e-01   3.899483e+00   2.606241e+00   1.052318e+01 0 0
458  -1.044922e-01   3.894429e+00   2.608990e+00   1.050046e+01 0 0
459  -1.025391e-01   3.889373e+00   2.611743e+00   1.047775e+01 0 0
460  -1.005859e-01   3.884321e+00   2.614497e+00   1.045508e+01 0 0
461  -9.863281e-02   3.879287e+00   2.617243e+00   1.043251e+01 0 0
462  -9.667969e-02   3.874285e+00   2.619974e+00   1.041010e+01 0 0
463  -9.472656e-02   3.869319e+00   2.622689e+00   1.038786e+01 0 0
464  -9.277344e-02   3.864383e+00   2.625389e+00   1.036579e+01 0 0
465  -9.082031e-02   3.859467e+00   2.628079e+00   1.034382e+01 0 0
466  -8.886719e-02   3.854568e+00   2.630763e+00   1.032194e+01 0 0
467  -8.691406e-02   3.849689e+00   2.633438e+00   1.030018e+01 0 0
468  -8.496094e-02   3.844841e+00   2.636099e+00   1.027856e+01 0 0
469  -8.300781e-02   3.840033e+00   2.638739e+00   1.025715e+01 0 0
470  -8.105469e-02   3.835272e+00   2.641356e+00   1.023597e+01 0 0
471  -7.910156e-02   3.830564e+00   2.643947e+00   1.021503e+01 0 0
472  -7.714844e-02   3.825910e+00   2.646510e+00   1.019435e+01 0 0
473  -7.519531e-02   3.821313e+00   2.649043e+00   1.017395e+01 0 0
474  -7.324219e-02   3.816778e+00   2.651544e+00   1.015383e+01 0 0
475  -7.128906e-02   3.812308e+00   2.654011e+00   1.013401e+01 0 0
476  -6.933594e-02   3.807907e+00   2.656442e+00   1.011452e+01 0 0
477  -6.738281e-02   3.803579e+00   2.658834e+00   1.009537e+01 0 0
478  -6.542969e-02   3.799329e+00   2.661185e+00   1.007658e+01 0 0
479  -6.347656e-02   3.795164e+00   2.663491e+00   1.005817e+01 0 0
480  -6.152344e-02   3.791089e+00   2.665749e+00   1.004018e+01 0 0
481  -5.957031e-02   3.787113e+00   2.667953e+00   1.002263e+01 0 0
482  -5.761719e-02   3.783244e+00   2.670100e+00   1.000557e+01 0 0
483  -5.566406e-02   3.779488e+00   2.672185e+00   9.989022e+00 0 0
484  -5.371094e-02   3.775856e+00   2.674203e+00   9.973025e+00 0 0
485  -5.175781e-02   3.772355e+00   2.676149e+00   9.957615e+00 0 0
486  -4.980469e-02   3.768994e+00   2.678018e+00   9.942833e+00 0 0
487  -4.785156e-02   3.765784e+00   2.679804e+00   9.928724e+00 0 0
488  -4.589844e-02   3.762736e+00   2.681501e+00   9.915332e+00 0 0
489  -4.394531e-02   3.759861e+00   2.683104e+00   9.902705e+00 0 0
490  -4.199219e-02   3.757172e+00   2.684602e+00   9.890906e+00 0 0
491  -4.003906e-02   3.754687e+00   2.685989e+00   9.880002e+00 0 0
492  -3.808594e-02   3.752416e+00   2.687256e+00   9.870045e+00 0 0
493  -3.613281e-02   3.750372e+00   2.688397e+00   9.861082e+00 0 0
494  -3.417969e-02   3.748573e+00   2.689401e+00   9.853200e+00 0 0
495  -3.222656e-02   3.747051e+00   2.690251e+00   9.846533e+00 0 0
496  -3.027344e-02   3.745830e+00   2.690933e+00   9.841182e+00 0 0
497  -2.832031e-02   3.744912e+00   2.691446e+00   9.837163e+00 0 0
498  -2.636719e-02   3.744310e+00   2.691782e+00   9.834528e+00 0 0
499  -2.441406e-02   3.744079e+00   2.691912e+00   9.833515e+00 0 0
500  -2.246094e-02   3.744281e+00   2.691799e+00   9.834396e+00 0 1
501  -2.050781e-02   3.744899e+00   2.691454e+00   9.837102e+00 0 1
502  -1.855469e-02   3.745829e+00   2.690935e+00   9.841174e+00 0 1
503  -1.660156e-02   3.747018e+00   2.690271e+00   9.846381e+00 0 1
504  -1.464844e-02   3.748627e+00   2.689372e+00   9.853424e+00 0 1
505  -1.269531e-02   3.750990e+00   2.688053e+00   9.863782e+00 0 1
506  -1.074219e-02   3.754380e+00   2.686161e+00   9.878641e+00 0 1
507  -8.789062e-03   3.758792e+00   2.683701e+00   9.897997e+00 0 1
508  -6.835938e-03   3.764001e+00   2.680799e+00   9.920870e+00 0 1
509  -4.882812e-03   3.769802e+00   2.677571e+00   9.946365e+00 0 1
510  -2.929688e-03   3.776182e+00   2.674024e+00   9.974435e+00 0 1
511  -9.765625e-04   3.783279e+00   2.670084e+00   1.000570e+01 0 1
512   9.765625e-04   3.791219e+00   2.665680e+00   1.004072e+01 0 1
513   2.929688e-03   3.800047e+00   2.660792e+00   1.007972e+01 0 1
514   4.882812e-03   3.809750e+00   2.655428e+00   1.012265e+01 0 1
515   6.835938e-03   3.820288e+00   2.649612e+00   1.016936e+01 0 1
516   8.789062e-03   3.831608e+00   2.643377e+00   1.021963e+01 0 1
517   1.074219e-02   3.843654e+00   2.636755e+00   1.027324e+01 0 1
518   1.269531e-02   3.856340e+00   2.629797e+00   1.032981e+01 0 1
519   1.464844e-02   3.869550e+00   2.622567e+00   1.038886e+01 0 1
520   1.660156e-02   3.883179e+00   2.615126e+00   1.044991e+01 0 1
521   1.855469e-02   3.897102e+00   2.607542e+00   1.051243e+01 0 1
522   2.050781e-02   3.911143e+00   2.599911e+00   1.057563e+01 0 1
523   2.246094e-02   3.925155e+00   2.592315e+00   1.063886e+01 0 1
524   2.441406e-02   3.939071e+00   2.584789e+00   1.070179e+01 0 1
525   2.636719e-02   3.952816e+00   2.577372e+00   1.076410e+01 0 1
526   2.832031e-02   3.966264e+00   2.570133e+00   1.082520e+01 0 1
527   3.027344e-02   3.979306e+00   2.563127e+00   1.088459e+01 0 1
528   3.222656e-02   3.991911e+00   2.556371e+00   1.094212e+01 0 1
529   3.417969e-02   4.004085e+00   2.549860e+00   1.099779e+01 0 1
530   3.613281e-02   4.015822e+00   2.543595e+00   1.105157e+01 0 1
531   3.808594e-02   4.027061e+00   2.537607e+00   1.110316e+01 0 1
532   4.003906e-02   4.037717e+00   2.531939e+00   1.115217e+01 0 1
533   4.199219e-02   4.047852e+00   2.526558e+00   1.119887e+01 0 1
534   4.394531e-02   4.057603e+00   2.521390e+00   1.124386e+01 0 1
535   4.589844e-02   4.066905e+00   2.516467e+00   1.128686e+01 0 1
536   4.785156e-02   4.075624e+00   2.511859e+00   1.132721e+01 0 1
537   4.980469e-02   4.083840e+00   2.507524e+00   1.136529e+01 0 1
538   5.175781e-02   4.091665e+00   2.503400e+00   1.140161e+01 0 1
539   5.371094e-02   4.099060e+00   2.499508e+00   1.143598e+01 0 1
540   5.566406e-02   4.105992e+00   2.495864e+00   1.146822e+01 0 1
541   5.761719e-02   4.112499e+00   2.492446e+00   1.149853e+01 0 1
542   5.957031e-02   4.118617e+00   2.489236e+00   1.152706e+01 0 1
543   6.152344e-02   4.124363e+00   2.486225e+00   1.155387e+01 0 1
544   6.347656e-02   4.129738e+00   2.483410e+00   1.157897e+01 0 1
545   6.542969e-02   4.134747e+00   2.480789e+00   1.160239e+01 0 1
546   6.738281e-02   4.139401e+00   2.478355e+00   1.162416e+01 0 1
547   6.933594e-02   4.143717e+00   2.476101e+00   1.164437e+01 0 1
548   7.128906e-02   4.147700e+00   2.474021e+00   1.166303e+01 0 1
549   7.324219e-02   4.151361e+00   2.472112e+00   1.168019e+01 0 1
550   7.519531e-02   4.154742e+00   2.470350e+00   1.169604e+01 0 1
551   7.714844e-02   4.157836e+00   2.468737e+00   1.171055e+01 0 1
552   7.910156e-02   4.160593e+00   2.467300e+00   1.172351e+01 0 1
553   8.105469e-02   4.163070e+00   2.466007e+00   1.173517e+01 0 1
554   8.300781e-02   4.165322e+00   2.464832e+00   1.174577e+01 0 1
555   8.496094e-02   4.167292e+00   2.463807e+00   1.175503e+01 0 1
556   8.691406e-02   4.168995e+00   2.462928e+00   1.176298e+01 0 1
557   8.886719e-02   4.170516e+00   2.462145e+00   1.177006e+01 0 1
558   9.082031e-02   4.171801e+00   2.461476e+00   1.177611e+01 0 1
559   9.277344e-02   4.172708e+00   2.460973e+00   1.178067e+01 0 1
560   9.472656e-02   4.173257e+00   2.460606e+00   1.178398e+01 0 1
561   9.667969e-02   4.173653e+00   2.460327e+00   1.178651e+01 0 1
562   9.863281e-02   4.173969e+00   2.460143e+00   1.178818e+01 0 1
563   1.005859e-01   4.174061e+00   2.460086e+00   1.178869e+01 0 0
564   1.025391e-01   4.173300e+00   2.460150e+00   1.178811e+01 0 0
565   1.044922e-01   4.171175e+00   2.460299e+00   1.178677e+01 0 0
566   1.064453e-01   4.168551e+00   2.460534e+00   1.178464e+01 0 0
567   1.083984e-01   4.166695e+00   2.460884e+00   1.178147e+01 0 0
568   1.103516e-01   4.165708e+00   2.461329e+00   1.177745e+01 0 0
569   1.123047e-01   4.160358e+00   2.461833e+00   1.177289e+01 0 0
570   1.142578e-01   4.108764e+00   2.462406e+00   1.176773e+01 0 0
571   1.162109e-01   3.986224e+00   2.463089e+00   1.176170e+01 0 0
572   1.181641e-01   3.805491e+00   2.463868e+00   1.175505e+01 0 0
573   1.201172e-01   3.603448e+00   2.464681e+00   1.174842e+01 0 0
574   1.220703e-01   3.423238e+00   2.465518e+00   1.174191e+01 0 0
575   1.240234e-01   3.298388e+00   2.466415e+00   1.173517e+01 0 0
576   1.259766e-01   3.243053e+00   2.467394e+00   1.172790e+01 0 0
577   1.279297e-01   3.250864e+00   2.468451e+00   1.171998e+01 0 0
578   1.298828e-01   3.301232e+00   2.469591e+00   1.171127e+01 0 0
579   1.318359e-01   3.369175e+00   2.470874e+00   1.170118e+01 0 0
580   1.337891e-01   3.434268e+00   2.472357e+00   1.168916e+01 0 0
581   1.357422e-01   3.485562e+00   2.473981e+00   1.167571e+01 0 0
582   1.376953e-01   3.521418e+00   2.475637e+00   1.166176e+01 0 0
583   1.396484e-01   3.545824e+00   2.477307e+00   1.164754e+01 0 0
584   1.416016e-01   3.564063e+00   2.479029e+00   1.163275e+01 0 0
585   1.435547e-01   3.579667e+00   2.480802e+00   1.161741e+01 0 0
586   1.455078e-01   3.593364e+00   2.482599e+00   1.160173e+01 0 0
587   1.474609e-01   3.603836e+00   2.484421e+00   1.158572e+01 0 0
588   1.494141e-01   3.609445e+00   2.486281e+00   1.156930e+01 0 0
589   1.513672e-01   3.609846e+00   2.488179e+00   1.155246e+01 0 0
590   1.533203e-01   3.606981e+00   2.490119e+00   1.153522e+01 0 0
591   1.552734e-01   3.603647e+00   2.492111e+00   1.151747e+01 0 0
592   1.572266e-01   3.600145e+00   2.494169e+00   1.149914e+01 0 0
593   1.591797e-01   3.593984e+00   2.496290e+00   1.148022e+01 0 0
594   1.611328e-01   3.580188e+00   2.498460e+00   1.146086e+01 0 0
595   1.630859e-01   3.557491e+00   2.500656e+00   1.144133e+01 0 0
596   1.650391e-01   3.526902e+00   2.502868e+00   1.142172e+01 0 0
597   1.669922e-01   3.490577e+00   2.505131e+00   1.140181e+01 0 0
598   1.689453e-01   3.450762e+00   2.507476e+00   1.138136e+01 0 0
599   1.708984e-01   3.409116e+00   2.509893e+00   1.136049e+01 0 0
600   1.728516e-01   3.366438e+00   2.512349e+00   1.133948e+01 0 0
601   1.748047e-01   3.322772e+00   2.514830e+00   1.131846e+01 0 0
602   1.767578e-01   3.277785e+00   2.517330e+00   1.129746e+01 0 0
603   1.787109e-01   3.231155e+00   2.519842e+00   1.127657e+01 0 0
604   1.806641e-01   3.182770e+00   2.522361e+00   1.125584e+01 0 0
605   1.826172e-01   3.132768e+00   2.524912e+00   1.123508e+01 0 0
606   1.845703e-01   3.081522e+00   2.527524e+00   1.121411e+01 0 0
607   1.865234e-01   3.029580e+00   2.530199e+00   1.119290e+01 0 0
608   1.884766e-01   2.977563e+00   2.532922e+00   1.117160e+01 0 0
609   1.904297e-01   2.926049e+00   2.535676e+00   1.115033e+01 0 0
610   1.923828e-01   2.875514e+00   2.538455e+00   1.112915e+01 0 0
611   1.943359e-01   2.826323e+00   2.541253e+00   1.110809e+01 0 0
612   1.962891e-01   2.778776e+00   2.544062e+00   1.108721e+01 0 0
613   1.982422e-01   2.733182e+00   2.546875e+00   1.106654e+01 0 0
614   2.001953e-01   2.689941e+00   2.549690e+00   1.104609e+01 0 0
615   2.021484e-01   2.649574e+00   2.552513e+00   1.102580e+01 0 0
616   2.041016e-01   2.612658e+00   2.555345e+00   1.100563e+01 0 0
617   2.060547e-01   2.579687e+00   2.558184e+00   1.098558e+01 0 0
618   2.080078e-01   2.550920e+00   2.561030e+00   1.096562e+01 0 0
619   2.099609e-01   2.526313e+00   2.563903e+00   1.094560e+01 0 0
620   2.119141e-01   2.505628e+00   2.566826e+00   1.092531e+01 0 0
621   2.138672e-01   2.488662e+00   2.569797e+00   1.090476e+01 0 0
622   2.158203e-01   2.475462e+00   2.572781e+00   1.088415e+01 0 0
623   2.177734e-01   2.466393e+00   2.575747e+00   1.086367e+01 0 0
624   2.197266e-01   2.462041e+00   2.578698e+00   1.084326e+01 0 0
625   2.216797e-01   2.462995e+00   2.581659e+00   1.082272e+01 0 0
626   2.236328e-01   2.469618e+00   2.584643e+00   1.080192e+01 0 0
627   2.255859e-01   2.481887e+00   2.587631e+00   1.078094e+01 0 0
628   2.275391e-01   2.499359e+00   2.590589e+00   1.075997e+01 0 0
629   2.294922e-01   2.521272e+00   2.593515e+00   1.073899e+01 0 0
630   2.314453e-01   2.546749e+00   2.596453e+00   1.071768e+01 0 0
631   2.333984e-01   2.575046e+00   2.599441e+00   1.069575e+01 0 0
632   2.353516e-01   2.605697e+00   2.602465e+00   1.067330e+01 0 0
633   2.373047e-01   2.638481e+00   2.605478e+00   1.065063e+01 0 0
634   2.392578e-01   2.673275e+00   2.608456e+00   1.062788e+01 0 0
635   2.412109e-01   2.709920e+00   2.611418e+00   1.060495e+01 0 0
636   2.431641e-01   2.748168e+00   2.614394e+00   1.058160e+01 0 0
637   2.451172e-01   2.787686e+00   2.617397e+00   1.055776e+01 0 0
638   2.470703e-01   2.828085e+00   2.620408e+00   1.053356e+01 0 0
639   2.490234e-01   2.868948e+00   2.623399e+00   1.050920e+01 0 0
640   2.509766e-01   2.909846e+00   2.626361e+00   1.048477e+01 0 0
641   2.529297e-01   2.950371e+00   2.629311e+00   1.046017e+01 0 0
642   2.548828e-01   2.990171e+00   2.632266e+00   1.043529e+01 0 0
643   2.568359e-01   3.028974e+00   2.635217e+00   1.041022e+01 0 0
644   2.587891e-01   3.066530e+00   2.638141e+00   1.038515e+01 0 0
645   2.607422e-01   3.102535e+00   2.641036e+00   1.036012e+01 0 0
646   2.626953e-01   3.136616e+00   2.643922e+00   1.033501e+01 0 0
647   2.646484e-01   3.168421e+00   2.646812e+00   1.030975e+01 0 0
648   2.666016e-01   3.197731e+00   2.649682e+00   1.028454e+01 0 0
649   2.685547e-01   3.224483e+00   2.652502e+00   1.025963e+01 0 0
650   2.705078e-01   3.248704e+00   2.655264e+00   1.023511e+01 0 0
651   2.724609e-01   3.270420e+00   2.657987e+00   1.021084e+01 0 0
652   2.744141e-01   3.289561e+00   2.660688e+00   1.018674e+01 0 0
653   2.763672e-01   3.305888e+00   2.663361e+00   1.016287e+01 0 0
654   2.783203e-01   3.318947e+00   2.665982e+00   1.013942e+01 0 0
655   2.802734e-01   3.328139e+00   2.668536e+00   1.011654e+01 0 0
656   2.822266e-01   3.332954e+00   2.671017e+00   1.009428e+01 0 0
657   2.841797e-01   3.333396e+00   2.673423e+00   1.007267e+01 0 0
658   2.861328e-01   3.330473e+00   2.675752e+00   1.005175e+01 0 0
659   2.880859e-01   3.326480e+00   2.677999e+00   1.003157e+01 0 0
660   2.900391e-01   3.322615e+00   2.680156e+00   1.001217e+01 0 0
661   2.919922e-01   3.318851e+00   2.682217e+00   9.993601e+00 0 0
662   2.939453e-01   3.312902e+00   2.684174e+00   9.975885e+00 0 0
663   2.958984e-01   3.300862e+00   2.686019e+00   9.959078e+00 0 0
664   2.978516e-01   3.281762e+00   2.687744e+00   9.943249e+00 0 0
665   2.998047e-01   3.256418e+00   2.689342e+00   9.928462e+00 0 0
666   3.017578e-01   3.226582e+00   2.690807e+00   9.914769e+00 0 0
667   3.037109e-01   3.194110e+00   2.692131e+00   9.902215e+00 0 0
668   3.056641e-01   3.160388e+00   2.693310e+00   9.890828e+00 0 0
669   3.076172e-01   3.126100e+00   2.694338e+00   9.880631e+00 0 0
670   3.095703e-01   3.091296e+00   2.695206e+00   9.871665e+00 0 0
671   3.115234e-01   3.055655e+00   2.695910e+00   9.863946e+00 0 0
672   3.134766e-01   3.018796e+00   2.696446e+00   9.857484e+00 0 0
673   3.154297e-01   2.980517e+00   2.696807e+00   9.852304e+00 0 0
674   3.173828e-01   2.940874e+00   2.696990e+00   9.848424e+00 0 0
675   3.193359e-01   2.900130e+00   2.696996e+00   9.845806e+00 0 1
676   3.212891e-01   2.858660e+00   2.696830e+00   9.844404e+00 0 1
677   3.232422e-01   2.816866e+00   2.696485e+00   9.844242e+00 0 1
678   3.251953e-01   2.775129e+00   2.695954e+00   9.845351e+00 0 1
679   3.271484e-01   2.733780e+00   2.695245e+00   9.847649e+00 0 1
680   3.291016e-01   2.693090e+00   2.694414e+00   9.850742e+00 0 1
681   3.310547e-01   2.653320e+00   2.693508e+00   9.854307e+00 0 1
682   3.330078e-01   2.614815e+00   2.692458e+00   9.858795e+00 0 1
683   3.349609e-01   2.577971e+00   2.691091e+00   9.865317e+00 0 1
684   3.369141e-01   2.543102e+00   2.689298e+00   9.874548e+00 0 1
685   3.388672e-01   2.510404e+00   2.687159e+00   9.885945e+00 0 1
686   3.408203e-01   2.480139e+00   2.684827e+00   9.898496e+00 0 1
687   3.427734e-01   2.452755e+00   2.682387e+00   9.911660e+00 0 1
688   3.447266e-01   2.428746e+00   2.679855e+00   9.925341e+00 0 1
689   3.466797e-01   2.408442e+00   2.677221e+00   9.939625e+00 0 1
690   3.486328e-01   2.391870e+00   2.674473e+00   9.954604e+00 0 1
691   3.505859e-01   2.378824e+00   2.671561e+00   9.970600e+00 0 1
692   3.525391e-01   2.369021e+00   2.668451e+00   9.987861e+00 0 1
693   3.544922e-01   2.362313e+00   2.665185e+00   1.000613e+01 0 1
694   3.564453e-01   2.358946e+00   2.661806e+00   1.002517e+01 0 1
695   3.583984e-01   2.359591e+00   2.658297e+00   1.004512e+01 0 1
696   3.603516e-01   2.365056e+00   2.654652e+00   1.006604e+01 0 1
697   3.623047e-01   2.375946e+00   2.650888e+00   1.008790e+01 0 1
698   3.642578e-01   2.392430e+00   2.647003e+00   1.011075e+01 0 1
699   3.662109e-01   2.414144e+00   2.643014e+00   1.013456e+01 0 1
700   3.681641e-01   2.440343e+00   2.638942e+00   1.015925e+01 0 1
701   3.701172e-01   2.470224e+00   2.634763e+00   1.018503e+01 0 1
702   3.720703e-01   2.503106e+00   2.630494e+00   1.021183e+01 0 1
703   3.740234e-01   2.538580e+00   2.626166e+00   1.023950e+01 0 1
704   3.759766e-01   2.576530e+00   2.621777e+00   1.026808e+01 0 1
705   3.779297e-01   2.616976e+00   2.617313e+00   1.029772e+01 0 1
706   3.798828e-01   2.659867e+00   2.612799e+00   1.032828e+01 0 1
707   3.818359e-01   2.705001e+00   2.608281e+00   1.035949e+01 0 1
708   3.837891e-01   2.752131e+00   2.603717e+00   1.039166e+01 0 1
709   3.857422e-01   2.800918e+00   2.599080e+00   1.042503e+01 0 1
710   3.876953e-01   2.850848e+00   2.594472e+00   1.045890e+01 0 1
711   3.896484e-01   2.901497e+00   2.589924e+00   1.049307e+01 0 1
712   3.916016e-01   2.952580e+00   2.585347e+00   1.052817e+01 0 1
713   3.935547e-01   3.003717e+00   2.580741e+00   1.056422e+01 0 1
714   3.955078e-01   3.054464e+00   2.576161e+00   1.060081e+01 0 1
715   3.974609e-01   3.104449e+00   2.571635e+00   1.063775e+01 0 1
716   3.994141e-01   3.153362e+00   2.567185e+00   1.067483e+01 0 1
717   4.013672e-01   3.200935e+00   2.562801e+00   1.071212e+01 0 1
718   4.033203e-01   3.246880e+00   2.558441e+00   1.074991e+01 0 1
719   4.052734e-01   3.290788e+00   2.554091e+00   1.078829e+01 0 1
720   4.072266e-01   3.332179e+00   2.549803e+00   1.082681e+01 0 1
721   4.091797e-01   3.370718e+00   2.545637e+00   1.086499e+01 0 1
722   4.111328e-01   3.406393e+00   2.541582e+00   1.090286e+01 0 1
723   4.130859e-01   3.439330e+00   2.537598e+00   1.094069e+01 0 1
724   4.150391e-01   3.469430e+00   2.533690e+00   1.097841e+01 0 1
725   4.169922e-01   3.496145e+00   2.529880e+00   1.101579e+01 0 1
726   4.189453e-01   3.518530e+00   2.526177e+00   1.105272e+01 0 1
727   4.208984e-01   3.535634e+00   2.522575e+00   1.108918e+01 0 1
728   4.228516e-01   3.547261e+00   2.519075e+00   1.112511e+01 0 1
729   4.248047e-01   3.554848e+00   2.515683e+00   1.116038e+01 0 1
730   4.267578e-01   3.561446e+00   2.512403e+00   1.119493e+01 0 1
731   4.287109e-01   3.567887e+00   2.509237e+00   1.122875e+01 0 1
732   4.306641e-01   3.573783e+00   2.506171e+00   1.126191e+01 0 1
733   4.326172e-01   3.573797e+00   2.503202e+00   1.129443e+01 0 1
734   4.345703e-01   3.563892e+00   2.500339e+00   1.132615e+01 0 1
735   4.365234e-01   3.544374e+00   2.497572e+00   1.135706e+01 0 1
736   4.384766e-01   3.517869e+00   2.494954e+00   1.138664e+01 0 1
737   4.404297e-01   3.487426e+00   2.492497e+00   1.141474e+01 0 1
738   4.423828e-01   3.455211e+00   2.490140e+00   1.144185e+01 0 1
739   4.443359e-01   3.421877e+00   2.487864e+00   1.146812e+01 0 1
740   4.462891e-01   3.387013e+00   2.485641e+00   1.149375e+01 0 1
741   4.482422e-01   3.349794e+00   2.483497e+00   1.151853e+01 0 1
742   4.501953e-01   3.309580e+00   2.481549e+00   1.154150e+01 0 1
743   4.521484e-01   3.266455e+00   2.479784e+00   1.156273e+01 0 1
744   4.541016e-01   3.221110e+00   2.478047e+00   1.158348e+01 0 1
745   4.560547e-01   3.174217e+00   2.476310e+00   1.160393e+01 0 1
746   4.580078e-01   3.126252e+00   2.474692e+00   1.162313e+01 0 1
747   4.599609e-01   3.077656e+00   2.473269e+00   1.164052e+01 0 1
748   4.619141e-01   3.028932e+00   2.471976e+00   1.165659e+01 0 1
749   4.638672e-01   2.980642e+00   2.470656e+00   1.167257e+01 0 1
750   4.658203e-01   2.933152e+00   2.469376e+00   1.168795e+01 0 1
751   4.677734e-01   2.886891e+00   2.468296e+00   1.170152e+01 0 1
752   4.697266e-01   2.842574e+00   2.467359e+00   1.171375e+01 0 1
753   4.716797e-01   2.800837e+00   2.466403e+00   1.172586e+01 0 1
754   4.736328e-01   2.761843e+00   2.465469e+00   1.173755e+01 0 1
755   4.755859e-01   2.725695e+00   2.464718e+00   1.174766e+01 0 1
756   4.775391e-01   2.693147e+00   2.464086e+00   1.175667e+01 0 1
757   4.794922e-01   2.665397e+00   2.463432e+00   1.176562e+01 0 1
758   4.814453e-01   2.643193e+00   2.462808e+00   1.177416e+01 0 1
759   4.833984e-01   2.626228e+00   2.462396e+00   1.178097e+01 0 1
760   4.853516e-01   2.613609e+00   2.462071e+00   1.178697e+01 0 1
761   4.873047e-01   2.604518e+00   2.461670e+00   1.179334e+01 0 1
762   4.892578e-01   2.598933e+00   2.461365e+00   1.179884e+01 0 1
763   4.912109e-01   2.598260e+00   2.461227e+00   1.180298e+01 0 1
764   4.931641e-01   2.604501e+00   2.461142e+00   1.180656e+01 0 1
765   4.951172e-01   2.618772e+00   2.461007e+00   1.181035e+01 0 1
766   4.970703e-01   2.640397e+00   2.460990e+00   1.181314e+01 0 0
767   4.990234e-01   2.667658e+00   2.461157e+00   1.181444e+01 0 0
768   5.009766e-01   2.698967e+00   2.461323e+00   1.181560e+01 0 0
769   5.029297e-01   2.733295e+00   2.461448e+00   1.181688e+01 0 0
770   5.048828e-01   2.770170e+00   2.461764e+00   1.181661e+01 0 0
771   5.068359e-01   2.809852e+00   2.462186e+00   1.181538e+01 0 0
772   5.087891e-01   2.852673e+00   2.462492e+00   1.181484e+01 0 0
773   5.107422e-01   2.898014e+00   2.463016e+00   1.181247e+01 0 0
774   5.126953e-01   2.945416e+00   2.463666e+00   1.180894e+01 0 0
775   5.146484e-01   2.994498e+00   2.464219e+00   1.180594e+01 0 0
776   5.166016e-01   3.044494e+00   2.464838e+00   1.180220e+01 0 0
777   5.185547e-01   3.094759e+00   2.465645e+00   1.179676e+01 0 0
778   5.205078e-01   3.145016e+00   2.466483e+00   1.179081e+01 0 0
779   5.224609e-01   3.194902e+00   2.467264e+00   1.178504e+01 0 0
780   5.244141e-01   3.243717e+00   2.468157e+00   1.177809e+01 0 0
781   5.263672e-01   3.290888e+00   2.469245e+00   1.176929e+01 0 0
782   5.283203e-01   3.336464e+00   2.470198e+00   1.176126e+01 0 0
783   5.302734e-01   3.379776e+00   2.471220e+00   1.175236e+01 0 0
784   5.322266e-01   3.420124e+00   2.472528e+00   1.174084e+01 0 0
785   5.341797e-01   3.457725e+00   2.473776e+00   1.172946e+01 0 0
786   5.361328e-01   3.491769e+00   2.475326e+00   1.171530e+01 0 0
787   5.380859e-01   3.521881e+00   2.477136e+00   1.169866e+01 0 0
788   5.400391e-01   3.548015e+00   2.479074e+00   1.168064e+01 0 0
789   5.419922e-01   3.570425e+00   2.480985e+00   1.166257e+01 0 0
790   5.439453e-01   3.588686e+00   2.483022e+00   1.164319e+01 0 0
791   5.458984e-01   3.602830e+00   2.484984e+00   1.162413e+01 0 0
792   5.478516e-01   3.612766e+00   2.486961e+00   1.160474e+01 0 0
793   5.498047e-01   3.617942e+00   2.489110e+00   1.158378e+01 0 0
794   5.517578e-01   3.617879e+00   2.491226e+00   1.156281e+01 0 0
795   5.537109e-01   3.613044e+00   2.493470e+00   1.154057e+01 0 0
796   5.556641e-01   3.606960e+00   2.495751e+00   1.151822e+01 0 0
797   5.576172e-01   3.602159e+00   2.498090e+00   1.149511e+01 0 0
798   5.595703e-01   3.595774e+00   2.500543e+00   1.147041e+01 0 0
799   5.615234e-01   3.580515e+00   2.503141e+00   1.144527e+01 0 0
800   5.634766e-01   3.552246e+00   2.505812e+00   1.141993e+01 0 0
801   5.654297e-01   3.514526e+00   2.508406e+00   1.139325e+01 0 0
802   5.673828e-01   3.473989e+00   2.511135e+00   1.136658e+01 0 0
803   5.693359e-01   3.434083e+00   2.514153e+00   1.134130e+01 0 0
804   5.712891e-01   3.393793e+00   2.516918e+00   1.131293e+01 0 0
805   5.732422e-01   3.352803e+00   2.519449e+00   1.128277e+01 0 0
806   5.751953e-01   3.313595e+00   2.522526e+00   1.125585e+01 0 1
807   5.771484e-01   3.242257e+00   2.514083e+00   1.113447e+01 0 1
808   5.791016e-01   2.261192e+00   1.767400e+00   6.385595e+00 0 1
809   5.810547e-01   1.140155e+00   1.597896e-01   1.241814e+00 0 1
810   5.830078e-01   1.052750e+00  -8.897072e-07   9.999988e-01 0 1
811   5.849609e-01   1.046808e+00  -1.017576e-07   9.999999e-01 0 0
812   5.869141e-01   1.040822e+00  -5.357826e-10   1.000000e+00 0 0
813   5.888672e-01   1.034797e+00  -1.089029e-11   1.000000e+00 0 0
814   5.908203e-01   1.028739e+00   2.380728e-12   1.000000e+00 0 1
815   5.927734e-01   1.022654e+00   6.493051e-13   1.000000e+00 0 1
816   5.947266e-01   1.016548e+00   1.275313e-13   1.000000e+00 0 1
817   5.966797e-01   1.010426e+00   1.557517e-14   1.000000e+00 0 1
818   5.986328e-01   1.004295e+00   3.696228e-15   1.000000e+00 0 1
819   6.005859e-01   9.981592e-01   1.310019e-15   1.000000e+00 0 1
820   6.025391e-01   9.920254e-01   5.502665e-16   1.000000e+00 0 1
821   6.044922e-01   9.858991e-01   2.192880e-16   1.000000e+00 0 1
822   6.064453e-01   9.797860e-01   3.132780e-17   1.000000e+00 0 1
823   6.083984e-01   9.736920e-01   1.102683e-16   1.000000e+00 0 0
824   6.103516e-01   9.676227e-01   3.328063e-16   1.000000e+00 0 1
825   6.123047e-01   9.615839e-01  -8.852005e-17   1.000000e+00 0 1
826   6.142578e-01   9.555813e-01  -1.153950e-15   1.000000e+00 0 1
827   6.162109e-01   9.496204e-01  -2.105067e-15   1.000000e+00 0 1
828   6.181641e-01   9.437070e-01  -2.551955e-15   1.000000e+00 0 1
829   6.201172e-01   9.378466e-01  -2.332072e-15   1.000000e+00 0 1
830   6.220703e-01   9.320446e-01  -2.702996e-15   1.000000e+00 0 1
831   6.240234e-01   9.263066e-01  -2.882411e-15   1.000000e+00 0 1
832   6.259766e-01   9.206380e-01  -2.780185e-15   1.000000e+00 0 0
833   6.279297e-01   9.150441e-01  -2.553024e-15   1.000000e+00 0 0
834   6.298828e-01   9.095301e-01  -1.884829e-15   1.000000e+00 0 0
835   6.318359e-01   9.041012e-01  -1.449723e-15   1.000000e+00 0 0
836   6.337891e-01   8.987627e-01  -7.703117e-16   1.000000e+00 0 0
837   6.357422e-01   8.935194e-01  -3.390233e-16   1.000000e+00 0 0
838   6.376953e-01   8.883763e-01  -8.504664e-17   1.000000e+00 0 1
839   6.396484e-01   8.833383e-01  -5.064357e-16   1.000000e+00 0 1
840   6.416016e-01   8.784100e-01  -3.378642e-16   1.000000e+00 0 0
841   6.435547e-01   8.735963e-01   5.907080e-16   1.000000e+00 0 0
842   6.455078e-01   8.689014e-01   1.001463e-15   1.000000e+00 0 0
843   6.474609e-01   8.643300e-01   7.775324e-16   1.000000e+00 0 1
844   6.494141e-01   8.598862e-01   1.000465e-15   1.000000e+00 0 1
845   6.513672e-01   8.555744e-01   5.960174e-16   1.000000e+00 0 1
846   6.533203e-01   8.513984e-01   5.668159e-16   1.000000e+00 0 0
847   6.552734e-01   8.473623e-01   1.180852e-15   1.000000e+00 0 0
848   6.572266e-01   8.434699e-01   2.332523e-15   1.000000e+00 0 0
849   6.591797e-01   8.397248e-01   2.738462e-15   1.000000e+00 0 0
850   6.611328e-01   8.361305e-01   3.663853e-15   1.000000e+00 0 0
851   6.630859e-01   8.326905e-01   3.436718e-15   1.000000e+00 0 1
852   6.650391e-01   8.294079e-01   3.219663e-15   1.000000e+00 0 1
853   6.669922e-01   8.262859e-01   3.039329e-15   1.000000e+00 0 1
854   6.689453e-01   8.233273e-01   2.997063e-15   1.000000e+00 0 0
855   6.708984e-01   8.205351e-01   4.109809e-15   1.000000e+00 0 0
856   6.728516e-01   8.179117e-01   4.256959e-15   1.000000e+00 0 0
857   6.748047e-01   8.154598e-01   4.208437e-15   1.000000e+00 0 0
858   6.767578e-01   8.131815e-01   4.509899e-15   1.000000e+00 0 0
859   6.787109e-01   8.110790e-01   4.333238e-15   1.000000e+00 0 1
860   6.806641e-01   8.091544e-01   4.329468e-15   1.000000e+00 0 0
861   6.826172e-01   8.074093e-01   4.380645e-15   1.000000e+00 0 0
862   6.845703e-01   8.058456e-01   4.462407e-15   1.000000e+00 0 0
863   6.865234e-01   8.044645e-01   5.443242e-15   1.000000e+00 0 0
864   6.884766e-01   8.032675e-01   5.917755e-15   1.000000e+00 0 1
865   6.904297e-01   8.022557e-01   4.973604e-15   1.000000e+00 0 1
866   6.923828e-01   8.014299e-01   3.891323e-15   1.000000e+00 0 1
867   6.943359e-01   8.007911e-01   3.496243e-15   1.000000e+00 0 1
868   6.962891e-01   8.003397e-01   3.890421e-15   1.000000e+00 0 0
869   6.982422e-01   8.000762e-01   4.427418e-15   1.000000e+00 0 0
870   7.001953e-01   8.000009e-01   4.255669e-15   1.000000e+00 0 1
871   7.021484e-01   8.001139e-01   4.252069e-15   1.000000e+00 0 1
872   7.041016e-01   8.004149e-01   3.793475e-15   1.000000e+00 0 1
873   7.060547e-01   8.009038e-01   1.440575e-15   1.000000e+00 0 1
874   7.080078e-01   8.015801e-01  -4.221632e-16   1.000000e+00 0 1
875   7.099609e-01   8.024432e-01  -2.808536e-15   1.000000e+00 0 1
876   7.119141e-01   8.034921e-01  -4.390817e-15   1.000000e+00 0 1
877   7.138672e-01   8.047261e-01  -4.641967e-15   1.000000e+00 0 0
878   7.158203e-01   8.061438e-01  -3.661811e-15   1.000000e+00 0 0
879   7.177734e-01   8.077439e-01  -3.260370e-15   1.000000e+00 0 0
880   7.197266e-01   8.095250e-01  -3.192972e-15   1.000000e+00 0 1
881   7.216797e-01   8.114854e-01  -3.833421e-15   1.000000e+00 0 1
882   7.236328e-01   8.136231e-01  -5.447810e-15   1.000000e+00 0 1
883   7.255859e-01   8.159363e-01  -5.734118e-15   1.000000e+00 0 0
884   7.275391e-01   8.184228e-01  -4.815353e-15   1.000000e+00 0 0
885   7.294922e-01   8.210801e-01  -4.070713e-15   1.000000e+00 0 0
886   7.314453e-01   8.239058e-01  -3.322674e-15   1.000000e+00 0 0
887   7.333984e-01   8.268973e-01  -3.095043e-15   1.000000e+00 0 1
888   7.353516e-01   8.300516e-01  -4.130474e-15   1.000000e+00 0 1
889   7.373047e-01   8.333660e-01  -4.997122e-15   1.000000e+00 0 1
890   7.392578e-01   8.368371e-01  -5.250585e-15   1.000000e+00 0 1
891   7.412109e-01   8.404618e-01  -5.234151e-15   1.000000e+00 0 0
892   7.431641e-01   8.442367e-01  -4.580678e-15   1.000000e+00 0 0
893   7.451172e-01   8.481582e-01  -3.877139e-15   1.000000e+00 0 0
894   7.470703e-01   8.522225e-01  -3.228398e-15   1.000000e+00 0 0
895   7.490234e-01   8.564260e-01  -2.774938e-15   1.000000e+00 0 0
896   7.509766e-01   8.607646e-01  -2.557198e-15   1.000000e+00 0 0
897   7.529297e-01   8.652342e-01  -2.604688e-15   1.000000e+00 0 0
898   7.548828e-01   8.698307e-01  -2.555727e-15   1.000000e+00 0 0
899   7.568359e-01   8.745496e-01  -2.108323e-15   1.000000e+00 0 0
900   7.587891e-01   8.793867e-01  -1.607919e-15   1.000000e+00 0 0
901   7.607422e-01   8.843372e-01  -1.442674e-15   1.000000e+00 0 0
902   7.626953e-01   8.893967e-01  -1.220539e-15   1.000000e+00 0 0
903   7.646484e-01   8.945602e-01  -1.027495e-15   1.000000e+00 0 0
904   7.666016e-01   8.998229e-01  -8.576173e-16   1.000000e+00 0 1
905   7.685547e-01   9.051800e-01  -1.111078e-15   1.000000e+00 0 0
906   7.705078e-01   9.106262e-01  -6.092827e-16   1.000000e+00 0 0
907   7.724609e-01   9.161566e-01  -1.101916e-16   1.000000e+00 0 0
908   7.744141e-01   9.217659e-01   3.079576e-16   1.000000e+00 0 0
909   7.763672e-01   9.274489e-01   8.684709e-16   1.000000e+00 0 0
910   7.783203e-01   9.332001e-01   1.672756e-15   1.000000e+00 0 0
911   7.802734e-01   9.390142e-01   2.373952e-15   1.000000e+00 0 0
912   7.822266e-01   9.448856e-01   3.478814e-15   1.000000e+00 0 0
913   7.841797e-01   9.508090e-01   3.459386e-15   1.000000e+00 0 1
914   7.861328e-01   9.567786e-01   3.440952e-15   1.000000e+00 0 1
915   7.880859e-01   9.627890e-01   3.359275e-15   1.000000e+00 0 0
916   7.900391e-01   9.688343e-01   3.658629e-15   1.000000e+00 0 0
917   7.919922e-01   9.749090e-01   4.258287e-15   1.000000e+00 0 0
918   7.939453e-01   9.810073e-01   4.627000e-15   1.000000e+00 0 0
919   7.958984e-01   9.871235e-01   4.557978e-15   1.000000e+00 0 0
920   7.978516e-01   9.932518e-01   5.062953e-15   1.000000e+00 0 1
921   7.998047e-01   9.993864e-01   4.231779e-15   1.000000e+00 0 1
922   8.017578e-01   1.005522e+00   2.394020e-15   1.000000e+00 0 1
923   8.037109e-01   1.011652e+00   2.406715e-15   1.000000e+00 0 1
924   8.056641e-01   1.017771e+00   2.097574e-15   1.000000e+00 0 1
925   8.076172e-01   1.023873e+00   1.086989e-16   1.000000e+00 0 1
926   8.095703e-01   1.029953e+00  -2.012429e-15   1.000000e+00 0 1
927   8.115234e-01   1.036005e+00  -3.712487e-15   1.000000e+00 0 1
928   8.134766e-01   1.042022e+00  -3.947061e-15   1.000000e+00 0 1
929   8.154297e-01   1.048001e+00  -4.010554e-15   1.000000e+00 0 1
930   8.173828e-01   1.053934e+00  -3.958806e-15   1.000000e+00 0 0
931   8.193359e-01   1.059816e+00  -3.894297e-15   1.000000e+00 0 1
932   8.212891e-01   1.065642e+00  -4.542849e-15   1.000000e+00 0 1
933   8.232422e-01   1.071406e+00  -4.489849e-15   1.000000e+00 0 0
934   8.251953e-01   1.077103e+00  -3.592999e-15   1.000000e+00 0 0
935   8.271484e-01   1.082728e+00  -3.278373e-15   1.000000e+00 0 0
936   8.291016e-01   1.088274e+00  -2.356482e-15   1.000000e+00 0 0
937   8.310547e-01   1.093738e+00  -1.916544e-15   1.000000e+00 0 0
938   8.330078e-01   1.099113e+00  -9.342361e-16   1.000000e+00 0 0
939   8.349609e-01   1.104395e+00  -1.000317e-15   1.000000e+00 0 1
940   8.369141e-01   1.109579e+00  -1.438874e-15   1.000000e+00 0 1
941   8.388672e-01   1.114659e+00  -1.213735e-15   1.000000e+00 0 0
942   8.408203e-01   1.119632e+00  -3.301709e-16   1.000000e+00 0 0
943   8.427734e-01   1.124492e+00  -7.561039e-18   1.000000e+00 0 0
944   8.447266e-01   1.129235e+00   5.888513e-17   1.000000e+00 0 1
945   8.466797e-01   1.133857e+00  -1.109144e-16   1.000000e+00 0 1
946   8.486328e-01   1.138352e+00  -1.623179e-16   1.000000e+00 0 1
947   8.505859e-01   1.142717e+00  -1.199577e-16   1.000000e+00 0 0
948   8.525391e-01   1.146948e+00  -1.131083e-16   1.000000e+00 0 1
949   8.544922e-01   1.151040e+00  -1.839258e-16   1.000000e+00 0 1
950   8.564453e-01   1.154991e+00  -1.136076e-16   1.000000e+00 0 0
951   8.583984e-01   1.158795e+00  -1.018263e-16   1.000000e+00 0 0
952   8.603516e-01   1.162450e+00   1.099145e-16   1.000000e+00 0 0
953   8.623047e-01   1.165952e+00   1.679781e-16   1.000000e+00 0 1
954   8.642578e-01   1.169298e+00   5.941097e-17   1.000000e+00 0 1
955   8.662109e-01   1.172485e+00   3.844719e-18   1.000000e+00 0 1
956   8.681641e-01   1.175509e+00  -1.089410e-16   1.000000e+00 0 0
957   8.701172e-01   1.178368e+00   3.753860e-18   1.000000e+00 0 0
958   8.720703e-01   1.181059e+00   0.000000e+00   1.000000e+00 0 0
959   8.740234e-01   1.183580e+00   4.967354e-17   1.000000e+00 0 1
960   8.759766e-01   1.185928e+00  -5.747127e-17   1.000000e+00 0 1
961   8.779297e-01   1.188101e+00   2.671117e-17   1.000000e+00 0 0
962   8.798828e-01   1.190097e+00   5.487897e-18   1.000000e+00 0 1
963   8.818359e-01   1.191914e+00  -5.600116e-17   1.000000e+00 0 1
964   8.837891e-01   1.193551e+00  -1.598332e-16   1.000000e+00 0 1
965   8.857422e-01   1.195005e+00  -1.748466e-16   1.000000e+00 0 0
966   8.876953e-01   1.196276e+00  -1.120342e-16   1.000000e+00 0 1
967   8.896484e-01   1.197362e+00  -2.306590e-16   1.000000e+00 0 1
968   8.916016e-01   1.198262e+00  -1.747165e-16   1.000000e+00 0 0
969   8.935547e-01   1.198976e+00   6.218528e-17   1.000000e+00 0 0
970   8.955078e-01   1.199502e+00   3.352222e-16   1.000000e+00 0 0
971   8.974609e-01   1.199841e+00   4.970094e-16   1.000000e+00 0 1
972   8.994141e-01   1.199992e+00   1.103023e-16   1.000000e+00 0 1
973   9.013672e-01   1.199954e+00  -3.315981e-16   1.000000e+00 0 1
974   9.033203e-01   1.199728e+00  -1.600237e-16   1.000000e+00 0 0
975   9.052734e-01   1.199314e+00   2.768318e-16   1.000000e+00 0 0
976   9.072266e-01   1.198713e+00   3.333995e-16   1.000000e+00 0 1
977   9.091797e-01   1.197924e+00   1.113164e-16   1.000000e+00 0 1
978   9.111328e-01   1.196950e+00  -1.103362e-17   1.000000e+00 0 1
979   9.130859e-01   1.195790e+00  -2.898006e-16   1.000000e+00 0 0
980   9.150391e-01   1.194445e+00   5.744735e-17   1.000000e+00 0 0
981   9.169922e-01   1.192918e+00   9.132718e-17   1.000000e+00 0 1
982   9.189453e-01   1.191209e+00  -1.068540e-16   1.000000e+00 0 1
983   9.208984e-01   1.189320e+00   5.297348e-17   1.000000e+00 0 0
984   9.228516e-01   1.187253e+00   1.146220e-16   1.000000e+00 0 0
985   9.248047e-01   1.185010e+00   2.894002e-16   1.000000e+00 0 0
986   9.267578e-01   1.182592e+00   1.549271e-16   1.000000e+00 0 0
987   9.287109e-01   1.180003e+00   5.560131e-16   1.000000e+00 0 0
988   9.306641e-01   1.177245e+00   1.217299e-15   1.000000e+00 0 0
989   9.326172e-01   1.174319e+00   1.666795e-15   1.000000e+00 0 0
990   9.345703e-01   1.171229e+00   1.417186e-15   1.000000e+00 0 1
991   9.365234e-01   1.167979e+00   1.442408e-15   1.000000e+00 0 0
992   9.384766e-01   1.164570e+00   1.431598e-15   1.000000e+00 0 1
993   9.404297e-01   1.161006e+00   1.217411e-15   1.000000e+00 0 1
994   9.423828e-01   1.157291e+00   1.252557e-15   1.000000e+00 0 1
995   9.443359e-01   1.153428e+00   1.029348e-15   1.000000e+00 0 1
996   9.462891e-01   1.149420e+00   1.001107e-15   1.000000e+00 0 1
997   9.482422e-01   1.145272e+00   9.994356e-16   1.000000e+00 0 1
998   9.501953e-01   1.140987e+00   3.343831e-16   1.000000e+00 0 1
999   9.521484e-01   1.136569e+00  -1.402241e-16   1.000000e+00 0 1
1000   9.541016e-01   1.132023e+00  -1.208434e-16   1.000000e+00 0 1
1001   9.560547e-01   1.127352e+00  -3.730130e-16   1.000000e+00 0 1
1002   9.580078e-01   1.122562e+00  -5.553405e-16   1.000000e+00 0 1
1003   9.599609e-01   1.117656e+00  -4.333813e-16   1.000000e+00 0 1
1004   9.619141e-01   1.112640e+00  -8.138237e-16   1.000000e+00 0 1
1005   9.638672e-01   1.107517e+00  -1.847330e-15   1.000000e+00 0 1
1006   9.658203e-01   1.102294e+00  -2.595512e-15   1.000000e+00 0 1
1007   9.677734e-01   1.096974e+00  -2.480378e-15   1.000000e+00 0 0
1008   9.697266e-01   1.091563e+00  -1.880684e-15   1.000000e+00 0 0
1009   9.716797e-01   1.086065e+00  -1.220551e-15   1.000000e+00 0 0
1010   9.736328e-01   1.080487e+00  -7.749536e-16   1.000000e+00 0 0
1011   9.755859e-01   1.074833e+00  -2.027354e-17   1.000000e+00 0 0
1012   9.775391e-01   1.069108e+00   5.528362e-16   1.000000e+00 0 0
1013   9.794922e-01   1.063319e+00   2.592454e-16   1.000000e+00 0 1
1014   9.814453e-01   1.057469e+00  -3.294563e-16   1.000000e+00 0 1
1015   9.833984e-01   1.051566e+00  -9.974303e-16   1.000000e+00 0 1
1016   9.853516e-01   1.045614e+00  -1.586659e-15   1.000000e+00 0 1
1017   9.873047e-01   1.039620e+00  -2.454121e-15   1.000000e+00 0 1
1018   9.892578e-01   1.033588e+00  -2.113666e-15   1.000000e+00 0 0
1019   9.912109e-01   1.027524e+00  -1.438440e-15   1.000000e+00 0 0
1020   9.931641e-01   1.021434e+00  -8.310752e-16   1.000000e+00 0 0
1021   9.951172e-01   1.015325e+00  -3.496214e-16   1.000000e+00 0 0
1022   9.970703e-01   1.009201e+00  -1.120940e-16   1.000000e+00 0 0
1023   9.990234e-01   1.003068e+00   0.000000e+00   1.000000e+00 0 0
