0   4.882812e-04   1.000000e+00   0.000000e+00   1.000000e+00 0 0
1   1.464844e-03   1.000000e+00   0.000000e+00   1.000000e+00 0 0
2   2.441406e-03   1.000000e+00   0.000000e+00   1.000000e+00 0 0
3   3.417969e-03   1.000000e+00   0.000000e+00   1.000000e+00 0 0
4   4.394531e-03   1.000000e+00   0.000000e+00   1.000000e+00 0 0
5   5.371094e-03   1.000000e+00   0.000000e+00   1.000000e+00 0 0
6   6.347656e-03   1.000000e+00   0.000000e+00   1.000000e+00 0 0
7   7.324219e-03   1.000000e+00   0.000000e+00   1.000000e+00 0 0
8   8.300781e-03   1.000000e+00   0.000000e+00   1.000000e+00 0 0
9   9.277344e-03   1.000000e+00   0.000000e+00   1.000000e+00 0 0
10   1.025391e-02   1.000000e+00   0.000000e+00   1.000000e+00 0 0
11   1.123047e-02   1.000000e+00   0.000000e+00   1.000000e+00 0 0
12   1.220703e-02   1.000000e+00   0.000000e+00   1.000000e+00 0 0
13   1.318359e-02   1.000000e+00   0.000000e+00   1.000000e+00 0 0
14   1.416016e-02   1.000000e+00   0.000000e+00   1.000000e+00 0 0
15   1.513672e-02   1.000000e+00   0.000000e+00   1.000000e+00 0 0
16   1.611328e-02   1.000000e+00   0.000000e+00   1.000000e+00 0 0
17   1.708984e-02   1.000000e+00   0.000000e+00   1.000000e+00 0 0
18   1.806641e-02   1.000000e+00   0.000000e+00   1.000000e+00 0 0
19   1.904297e-02   1.000000e+00   0.000000e+00   1.000000e+00 0 0
20   2.001953e-02   1.000000e+00   0.000000e+00   1.000000e+00 0 0
21   2.099609e-02   1.000000e+00   0.000000e+00   1.000000e+00 0 0
22   2.197266e-02   1.000000e+00   0.000000e+00   1.000000e+00 0 0
23   2.294922e-02   1.000000e+00   0.000000e+00   1.000000e+00 0 0
24   2.392578e-02   1.000000e+00   0.000000e+00   1.000000e+00 0 0
25   2.490234e-02   1.000000e+00   0.000000e+00   1.000000e+00 0 0
26   2.587891e-02   1.000000e+00   0.000000e+00   1.000000e+00 0 0
27   2.685547e-02   1.000000e+00   0.000000e+00   1.000000e+00 0 0
28   2.783203e-02   1.000000e+00   0.000000e+00   1.000000e+00 0 0
29   2.880859e-02   1.000000e+00   0.000000e+00   1.000000e+00 0 0
30   2.978516e-02   1.000000e+00   0.000000e+00   1.000000e+00 0 0
31   3.076172e-02   1.000000e+00   0.000000e+00   1.000000e+00 0 0
32   3.173828e-02   1.000000e+00   0.000000e+00   1.000000e+00 0 0
33   3.271484e-02   1.000000e+00   0.000000e+00   1.000000e+00 0 0
34   3.369141e-02   1.000000e+00   0.000000e+00   1.000000e+00 0 0
35   3.466797e-02   1.000000e+00   0.000000e+00   1.000000e+00 0 0
36   3.564453e-02   1.000000e+00   0.000000e+00   1.000000e+00 0 0
37   3.662109e-02   1.000000e+00   0.000000e+00   1.000000e+00 0 0
38   3.759766e-02   1.000000e+00   0.000000e+00   1.000000e+00 0 0
39   3.857422e-02   1.000000e+00   0.000000e+00   1.000000e+00 0 0
40   3.955078e-02   1.000000e+00   0.000000e+00   1.000000e+00 0 0
41   4.052734e-02   1.000000e+00   0.000000e+00   1.000000e+00 0 0
42   4.150391e-02   1.000000e+00   0.000000e+00   1.000000e+00 0 0
43   4.248047e-02   1.000000e+00   0.000000e+00   1.000000e+00 0 0
44   4.345703e-02   1.000000e+00   0.000000e+00   1.000000e+00 0 0
45   4.443359e-02   1.000000e+00   0.000000e+00   1.000000e+00 0 0
46   4.541016e-02   1.000000e+00   0.000000e+00   1.000000e+00 0 0
47   4.638672e-02   1.000000e+00   0.000000e+00   1.000000e+00 0 0
48   4.736328e-02   1.000000e+00   0.000000e+00   1.000000e+00 0 0
49   4.833984e-02   1.000000e+00   0.000000e+00   1.000000e+00 0 0
50   4.931641e-02   1.000000e+00   0.000000e+00   1.000000e+00 0 0
51   5.029297e-02   1.000000e+00   0.000000e+00   1.000000e+00 0 0
52   5.126953e-02   1.000000e+00   0.000000e+00   1.000000e+00 0 0
53   5.224609e-02   1.000000e+00   0.000000e+00   1.000000e+00 0 0
54   5.322266e-02   1.000000e+00   0.000000e+00   1.000000e+00 0 0
55   5.419922e-02   1.000000e+00   0.000000e+00   1.000000e+00 0 0
56   5.517578e-02   1.000000e+00   0.000000e+00   1.000000e+00 0 0
57   5.615234e-02   1.000000e+00   0.000000e+00   1.000000e+00 0 0
58   5.712891e-02   1.000000e+00   0.000000e+00   1.000000e+00 0 0
59   5.810547e-02   1.000000e+00   0.000000e+00   1.000000e+00 0 0
60   5.908203e-02   1.000000e+00   0.000000e+00   1.000000e+00 0 0
61   6.005859e-02   1.000000e+00   0.000000e+00   1.000000e+00 0 0
62   6.103516e-02   1.000000e+00   0.000000e+00   1.000000e+00 0 0
63   6.201172e-02   1.000000e+00   0.000000e+00   1.000000e+00 0 0
64   6.298828e-02   1.000000e+00   0.000000e+00   1.000000e+00 0 0
65   6.396484e-02   1.000000e+00   0.000000e+00   1.000000e+00 0 0
66   6.494141e-02   1.000000e+00   0.000000e+00   1.000000e+00 0 0
67   6.591797e-02   1.000000e+00   0.000000e+00   1.000000e+00 0 0
68   6.689453e-02   1.000000e+00   0.000000e+00   1.000000e+00 0 0
69   6.787109e-02   1.000000e+00   0.000000e+00   1.000000e+00 0 0
70   6.884766e-02   1.000000e+00   0.000000e+00   1.000000e+00 0 0
71   6.982422e-02   1.000000e+00   0.000000e+00   1.000000e+00 0 0
72   7.080078e-02   1.000000e+00   0.000000e+00   1.000000e+00 0 0
73   7.177734e-02   1.000000e+00   0.000000e+00   1.000000e+00 0 0
74   7.275391e-02   1.000000e+00   0.000000e+00   1.000000e+00 0 0
75   7.373047e-02   1.000000e+00   0.000000e+00   1.000000e+00 0 0
76   7.470703e-02   1.000000e+00   0.000000e+00   1.000000e+00 0 0
77   7.568359e-02   1.000000e+00   0.000000e+00   1.000000e+00 0 0
78   7.666016e-02   1.000000e+00   0.000000e+00   1.000000e+00 0 0
79   7.763672e-02   1.000000e+00   0.000000e+00   1.000000e+00 0 0
80   7.861328e-02   1.000000e+00   0.000000e+00   1.000000e+00 0 0
81   7.958984e-02   1.000000e+00   0.000000e+00   1.000000e+00 0 0
82   8.056641e-02   1.000000e+00   0.000000e+00   1.000000e+00 0 0
83   8.154297e-02   1.000000e+00   0.000000e+00   1.000000e+00 0 0
84   8.251953e-02   1.000000e+00   0.000000e+00   1.000000e+00 0 0
85   8.349609e-02   1.000000e+00   0.000000e+00   1.000000e+00 0 0
86   8.447266e-02   1.000000e+00   0.000000e+00   1.000000e+00 0 0
87   8.544922e-02   1.000000e+00   0.000000e+00   1.000000e+00 0 0
88   8.642578e-02   1.000000e+00   0.000000e+00   1.000000e+00 0 0
89   8.740234e-02   1.000000e+00   0.000000e+00   1.000000e+00 0 0
90   8.837891e-02   1.000000e+00   0.000000e+00   1.000000e+00 0 0
91   8.935547e-02   1.000000e+00   0.000000e+00   1.000000e+00 0 0
92   9.033203e-02   1.000000e+00   0.000000e+00   1.000000e+00 0 0
93   9.130859e-02   1.000000e+00   0.000000e+00   1.000000e+00 0 0
94   9.228516e-02   1.000000e+00   0.000000e+00   1.000000e+00 0 0
95   9.326172e-02   1.000000e+00   0.000000e+00   1.000000e+00 0 0
96   9.423828e-02   1.000000e+00   0.000000e+00   1.000000e+00 0 0
97   9.521484e-02   1.000000e+00   0.000000e+00   1.000000e+00 0 0
98   9.619141e-02   1.000000e+00   0.000000e+00   1.000000e+00 0 0
99   9.716797e-02   1.000000e+00   0.000000e+00   1.000000e+00 0 0
100   9.814453e-02   1.000000e+00   0.000000e+00   1.000000e+00 0 0
101   9.912109e-02   1.000000e+00   0.000000e+00   1.000000e+00 0 0
102   1.000977e-01   1.000000e+00   0.000000e+00   1.000000e+00 0 0
103   1.010742e-01   1.000000e+00   0.000000e+00   1.000000e+00 0 0
104   1.020508e-01   1.000000e+00   0.000000e+00   1.000000e+00 0 0
105   1.030273e-01   1.000000e+00   0.000000e+00   1.000000e+00 0 0
106   1.040039e-01   1.000000e+00   0.000000e+00   1.000000e+00 0 0
107   1.049805e-01   1.000000e+00   0.000000e+00   1.000000e+00 0 0
108   1.059570e-01   1.000000e+00   0.000000e+00   1.000000e+00 0 0
109   1.069336e-01   1.000000e+00   0.000000e+00   1.000000e+00 0 0
110   1.079102e-01   1.000000e+00   0.000000e+00   1.000000e+00 0 0
111   1.088867e-01   1.000000e+00   0.000000e+00   1.000000e+00 0 0
112   1.098633e-01   1.000000e+00   0.000000e+00   1.000000e+00 0 0
113   1.108398e-01   1.000000e+00   0.000000e+00   1.000000e+00 0 0
114   1.118164e-01   1.000000e+00   0.000000e+00   1.000000e+00 0 0
115   1.127930e-01   1.000000e+00   0.000000e+00   1.000000e+00 0 0
116   1.137695e-01   1.000000e+00   0.000000e+00   1.000000e+00 0 0
117   1.147461e-01   1.000000e+00   0.000000e+00   1.000000e+00 0 0
118   1.157227e-01   1.000000e+00   0.000000e+00   1.000000e+00 0 0
119   1.166992e-01   1.000000e+00   0.000000e+00   1.000000e+00 0 0
120   1.176758e-01   1.000000e+00   0.000000e+00   1.000000e+00 0 0
121   1.186523e-01   1.000000e+00   0.000000e+00   1.000000e+00 0 0
122   1.196289e-01   1.000000e+00   0.000000e+00   1.000000e+00 0 0
123   1.206055e-01   1.000000e+00   0.000000e+00   1.000000e+00 0 0
124   1.215820e-01   1.000000e+00   0.000000e+00   1.000000e+00 0 0
125   1.225586e-01   1.000000e+00   0.000000e+00   1.000000e+00 0 0
126   1.235352e-01   1.000000e+00   0.000000e+00   1.000000e+00 0 0
127   1.245117e-01   1.000000e+00   0.000000e+00   1.000000e+00 0 0
128   1.254883e-01   1.000000e+00   0.000000e+00   1.000000e+00 0 0
129   1.264648e-01   1.000000e+00   0.000000e+00   1.000000e+00 0 0
130   1.274414e-01   1.000000e+00   0.000000e+00   1.000000e+00 0 0
131   1.284180e-01   1.000000e+00   0.000000e+00   1.000000e+00 0 0
132   1.293945e-01   1.000000e+00   0.000000e+00   1.000000e+00 0 0
133   1.303711e-01   1.000000e+00   0.000000e+00   1.000000e+00 0 0
134   1.313477e-01   1.000000e+00   0.000000e+00   1.000000e+00 0 0
135   1.323242e-01   1.000000e+00   0.000000e+00   1.000000e+00 0 0
136   1.333008e-01   1.000000e+00   0.000000e+00   1.000000e+00 0 0
137   1.342773e-01   1.000000e+00   0.000000e+00   1.000000e+00 0 0
138   1.352539e-01   1.000000e+00   0.000000e+00   1.000000e+00 0 0
139   1.362305e-01   1.000000e+00   0.000000e+00   1.000000e+00 0 0
140   1.372070e-01   1.000000e+00   0.000000e+00   1.000000e+00 0 0
141   1.381836e-01   1.000000e+00   0.000000e+00   1.000000e+00 0 0
142   1.391602e-01   1.000000e+00   0.000000e+00   1.000000e+00 0 0
143   1.401367e-01   1.000000e+00   0.000000e+00   1.000000e+00 0 0
144   1.411133e-01   1.000000e+00   0.000000e+00   1.000000e+00 0 0
145   1.420898e-01   1.000000e+00   0.000000e+00   1.000000e+00 0 0
146   1.430664e-01   1.000000e+00   0.000000e+00   1.000000e+00 0 0
147   1.440430e-01   1.000000e+00   0.000000e+00   1.000000e+00 0 0
148   1.450195e-01   1.000000e+00   0.000000e+00   1.000000e+00 0 0
149   1.459961e-01   1.000000e+00   0.000000e+00   1.000000e+00 0 0
150   1.469727e-01   1.000000e+00   0.000000e+00   1.000000e+00 0 0
151   1.479492e-01   1.000000e+00   0.000000e+00   1.000000e+00 0 0
152   1.489258e-01   1.000000e+00   0.000000e+00   1.000000e+00 0 0
153   1.499023e-01   1.000000e+00   0.000000e+00   1.000000e+00 0 0
154   1.508789e-01   1.000000e+00   0.000000e+00   1.000000e+00 0 0
155   1.518555e-01   1.000000e+00   0.000000e+00   1.000000e+00 0 0
156   1.528320e-01   1.000000e+00   0.000000e+00   1.000000e+00 0 0
157   1.538086e-01   1.000000e+00   0.000000e+00   1.000000e+00 0 0
158   1.547852e-01   1.000000e+00   0.000000e+00   1.000000e+00 0 0
159   1.557617e-01   1.000000e+00   0.000000e+00   1.000000e+00 0 0
160   1.567383e-01   1.000000e+00   0.000000e+00   1.000000e+00 0 0
161   1.577148e-01   1.000000e+00   0.000000e+00   1.000000e+00 0 0
162   1.586914e-01   1.000000e+00   0.000000e+00   1.000000e+00 0 0
163   1.596680e-01   1.000000e+00   0.000000e+00   1.000000e+00 0 0
164   1.606445e-01   1.000000e+00   0.000000e+00   1.000000e+00 0 0
165   1.616211e-01   1.000000e+00   0.000000e+00   1.000000e+00 0 0
166   1.625977e-01   1.000000e+00   0.000000e+00   1.000000e+00 0 0
167   1.635742e-01   1.000000e+00   0.000000e+00   1.000000e+00 0 0
168   1.645508e-01   1.000000e+00   0.000000e+00   1.000000e+00 0 0
169   1.655273e-01   1.000000e+00   0.000000e+00   1.000000e+00 0 0
170   1.665039e-01   1.000000e+00   0.000000e+00   1.000000e+00 0 0
171   1.674805e-01   1.000000e+00   0.000000e+00   1.000000e+00 0 0
172   1.684570e-01   1.000000e+00   0.000000e+00   1.000000e+00 0 0
173   1.694336e-01   1.000000e+00   0.000000e+00   1.000000e+00 0 0
174   1.704102e-01   1.000000e+00   0.000000e+00   1.000000e+00 0 0
175   1.713867e-01   1.000000e+00   0.000000e+00   1.000000e+00 0 0
176   1.723633e-01   1.000000e+00   0.000000e+00   1.000000e+00 0 0
177   1.733398e-01   1.000000e+00   0.000000e+00   1.000000e+00 0 0
178   1.743164e-01   1.000000e+00   0.000000e+00   1.000000e+00 0 0
179   1.752930e-01   1.000000e+00   0.000000e+00   1.000000e+00 0 0
180   1.762695e-01   1.000000e+00   0.000000e+00   1.000000e+00 0 0
181   1.772461e-01   1.000000e+00   0.000000e+00   1.000000e+00 0 0
182   1.782227e-01   1.000000e+00   0.000000e+00   1.000000e+00 0 0
183   1.791992e-01   1.000000e+00   0.000000e+00   1.000000e+00 0 0
184   1.801758e-01   1.000000e+00   0.000000e+00   1.000000e+00 0 0
185   1.811523e-01   1.000000e+00   0.000000e+00   1.000000e+00 0 0
186   1.821289e-01   1.000000e+00   0.000000e+00   1.000000e+00 0 0
187   1.831055e-01   1.000000e+00   0.000000e+00   1.000000e+00 0 0
188   1.840820e-01   1.000000e+00   0.000000e+00   1.000000e+00 0 0
189   1.850586e-01   1.000000e+00   0.000000e+00   1.000000e+00 0 0
190   1.860352e-01   1.000000e+00   0.000000e+00   1.000000e+00 0 0
191   1.870117e-01   1.000000e+00   0.000000e+00   1.000000e+00 0 0
192   1.879883e-01   1.000000e+00   0.000000e+00   1.000000e+00 0 0
193   1.889648e-01   1.000000e+00   0.000000e+00   1.000000e+00 0 0
194   1.899414e-01   1.000000e+00   0.000000e+00   1.000000e+00 0 0
195   1.909180e-01   1.000000e+00   0.000000e+00   1.000000e+00 0 0
196   1.918945e-01   1.000000e+00   0.000000e+00   1.000000e+00 0 0
197   1.928711e-01   1.000000e+00   0.000000e+00   1.000000e+00 0 0
198   1.938477e-01   1.000000e+00   0.000000e+00   1.000000e+00 0 0
199   1.948242e-01   1.000000e+00   0.000000e+00   1.000000e+00 0 0
200   1.958008e-01   1.000000e+00   0.000000e+00   1.000000e+00 0 0
201   1.967773e-01   1.000000e+00   0.000000e+00   1.000000e+00 0 0
202   1.977539e-01   1.000000e+00   0.000000e+00   1.000000e+00 0 0
203   1.987305e-01   1.000000e+00   0.000000e+00   1.000000e+00 0 0
204   1.997070e-01   1.000000e+00   0.000000e+00   1.000000e+00 0 0
205   2.006836e-01   1.000000e+00   0.000000e+00   1.000000e+00 0 0
206   2.016602e-01   1.000000e+00   0.000000e+00   1.000000e+00 0 0
207   2.026367e-01   1.000000e+00   0.000000e+00   1.000000e+00 0 0
208   2.036133e-01   1.000000e+00   0.000000e+00   1.000000e+00 0 0
209   2.045898e-01   1.000000e+00   0.000000e+00   1.000000e+00 0 0
210   2.055664e-01   1.000000e+00   0.000000e+00   1.000000e+00 0 0
211   2.065430e-01   1.000000e+00   0.000000e+00   1.000000e+00 0 0
212   2.075195e-01   1.000000e+00   0.000000e+00   1.000000e+00 0 0
213   2.084961e-01   1.000000e+00   0.000000e+00   1.000000e+00 0 0
214   2.094727e-01   1.000000e+00   0.000000e+00   1.000000e+00 0 0
215   2.104492e-01   1.000000e+00   0.000000e+00   1.000000e+00 0 0
216   2.114258e-01   1.000000e+00   0.000000e+00   1.000000e+00 0 0
217   2.124023e-01   1.000000e+00   0.000000e+00   1.000000e+00 0 0
218   2.133789e-01   1.000000e+00   0.000000e+00   1.000000e+00 0 0
219   2.143555e-01   1.000000e+00   0.000000e+00   1.000000e+00 0 0
220   2.153320e-01   1.000000e+00   0.000000e+00   1.000000e+00 0 0
221   2.163086e-01   1.000000e+00   0.000000e+00   1.000000e+00 0 0
222   2.172852e-01   1.000000e+00   0.000000e+00   1.000000e+00 0 0
223   2.182617e-01   1.000000e+00   0.000000e+00   1.000000e+00 0 0
224   2.192383e-01   1.000000e+00   0.000000e+00   1.000000e+00 0 0
225   2.202148e-01   1.000000e+00   0.000000e+00   1.000000e+00 0 0
226   2.211914e-01   1.000000e+00   0.000000e+00   1.000000e+00 0 0
227   2.221680e-01   1.000000e+00   0.000000e+00   1.000000e+00 0 0
228   2.231445e-01   1.000000e+00   0.000000e+00   1.000000e+00 0 0
229   2.241211e-01   1.000000e+00   0.000000e+00   1.000000e+00 0 0
230   2.250977e-01   1.000000e+00   0.000000e+00   1.000000e+00 0 0
231   2.260742e-01   1.000000e+00   0.000000e+00   1.000000e+00 0 0
232   2.270508e-01   1.000000e+00   0.000000e+00   1.000000e+00 0 0
233   2.280273e-01   1.000000e+00   0.000000e+00   1.000000e+00 0 0
234   2.290039e-01   1.000000e+00   0.000000e+00   1.000000e+00 0 0
235   2.299805e-01   1.000000e+00   0.000000e+00   1.000000e+00 0 0
236   2.309570e-01   1.000000e+00   0.000000e+00   1.000000e+00 0 0
237   2.319336e-01   1.000000e+00   0.000000e+00   1.000000e+00 0 0
238   2.329102e-01   1.000000e+00   0.000000e+00   1.000000e+00 0 0
239   2.338867e-01   1.000000e+00   0.000000e+00   1.000000e+00 0 0
240   2.348633e-01   1.000000e+00   0.000000e+00   1.000000e+00 0 0
241   2.358398e-01   1.000000e+00   0.000000e+00   1.000000e+00 0 0
242   2.368164e-01   1.000000e+00   0.000000e+00   1.000000e+00 0 0
243   2.377930e-01   1.000000e+00   0.000000e+00   1.000000e+00 0 0
244   2.387695e-01   1.000000e+00   0.000000e+00   1.000000e+00 0 0
245   2.397461e-01   1.000000e+00   0.000000e+00   1.000000e+00 0 0
246   2.407227e-01   1.000000e+00   0.000000e+00   1.000000e+00 0 0
247   2.416992e-01   1.000000e+00   0.000000e+00   1.000000e+00 0 0
248   2.426758e-01   1.000000e+00   0.000000e+00   1.000000e+00 0 0
249   2.436523e-01   1.000000e+00   0.000000e+00   1.000000e+00 0 0
250   2.446289e-01   1.000000e+00   0.000000e+00   1.000000e+00 0 0
251   2.456055e-01   1.000000e+00   0.000000e+00   1.000000e+00 0 0
252   2.465820e-01   1.000000e+00   0.000000e+00   1.000000e+00 0 0
253   2.475586e-01   1.000000e+00   0.000000e+00   1.000000e+00 0 0
254   2.485352e-01   1.000000e+00   0.000000e+00   1.000000e+00 0 0
255   2.495117e-01   1.000000e+00   0.000000e+00   1.000000e+00 0 0
256   2.504883e-01   1.000000e+00   0.000000e+00   1.000000e+00 0 0
257   2.514648e-01   1.000000e+00   0.000000e+00   1.000000e+00 0 0
258   2.524414e-01   1.000000e+00   0.000000e+00   1.000000e+00 0 0
259   2.534180e-01   1.000000e+00   0.000000e+00   1.000000e+00 0 0
260   2.543945e-01   1.000000e+00   0.000000e+00   1.000000e+00 0 0
261   2.553711e-01   1.000000e+00   0.000000e+00   1.000000e+00 0 0
262   2.563477e-01   1.000000e+00   0.000000e+00   1.000000e+00 0 0
263   2.573242e-01   1.000000e+00   0.000000e+00   1.000000e+00 0 0
264   2.583008e-01   1.000000e+00   0.000000e+00   1.000000e+00 0 0
265   2.592773e-01   1.000000e+00   0.000000e+00   1.000000e+00 0 0
266   2.602539e-01   1.000000e+00   0.000000e+00   1.000000e+00 0 0
267   2.612305e-01   1.000000e+00   0.000000e+00   1.000000e+00 0 0
268   2.622070e-01   1.000000e+00   0.000000e+00   1.000000e+00 0 0
269   2.631836e-01   1.000000e+00   0.000000e+00   1.000000e+00 0 0
270   2.641602e-01   1.000000e+00   0.000000e+00   1.000000e+00 0 0
271   2.651367e-01   1.000000e+00   0.000000e+00   1.000000e+00 0 0
272   2.661133e-01   1.000000e+00   0.000000e+00   1.000000e+00 0 0
273   2.670898e-01   1.000000e+00   0.000000e+00   1.000000e+00 0 0
274   2.680664e-01   1.000000e+00   0.000000e+00   1.000000e+00 0 0
275   2.690430e-01   1.000000e+00   0.000000e+00   1.000000e+00 0 0
276   2.700195e-01   1.000000e+00   0.000000e+00   1.000000e+00 0 0
277   2.709961e-01   1.000000e+00   0.000000e+00   1.000000e+00 0 0
278   2.719727e-01   1.000000e+00   0.000000e+00   1.000000e+00 0 0
279   2.729492e-01   1.000000e+00   0.000000e+00   1.000000e+00 0 0
280   2.739258e-01   1.000000e+00   0.000000e+00   1.000000e+00 0 0
281   2.749023e-01   1.000000e+00   0.000000e+00   1.000000e+00 0 0
282   2.758789e-01   1.000000e+00   0.000000e+00   1.000000e+00 0 0
283   2.768555e-01   1.000000e+00   0.000000e+00   1.000000e+00 0 0
284   2.778320e-01   1.000000e+00   0.000000e+00   1.000000e+00 0 0
285   2.788086e-01   1.000000e+00   0.000000e+00   1.000000e+00 0 0
286   2.797852e-01   1.000000e+00   0.000000e+00   1.000000e+00 0 0
287   2.807617e-01   1.000000e+00   0.000000e+00   1.000000e+00 0 0
288   2.817383e-01   1.000000e+00   0.000000e+00   1.000000e+00 0 0
289   2.827148e-01   1.000000e+00   0.000000e+00   1.000000e+00 0 0
290   2.836914e-01   1.000000e+00   0.000000e+00   1.000000e+00 0 0
291   2.846680e-01   1.000000e+00   0.000000e+00   1.000000e+00 0 0
292   2.856445e-01   1.000000e+00   0.000000e+00   1.000000e+00 0 0
293   2.866211e-01   1.000000e+00   0.000000e+00   1.000000e+00 0 0
294   2.875977e-01   1.000000e+00   0.000000e+00   1.000000e+00 0 0
295   2.885742e-01   1.000000e+00   0.000000e+00   1.000000e+00 0 0
296   2.895508e-01   1.000000e+00   0.000000e+00   1.000000e+00 0 0
297   2.905273e-01   1.000000e+00   0.000000e+00   1.000000e+00 0 0
298   2.915039e-01   1.000000e+00   0.000000e+00   1.000000e+00 0 0
299   2.924805e-01   1.000000e+00   0.000000e+00   1.000000e+00 0 0
300   2.934570e-01   1.000000e+00   0.000000e+00   1.000000e+00 0 0
301   2.944336e-01   1.000000e+00   0.000000e+00   1.000000e+00 0 0
302   2.954102e-01   1.000000e+00   0.000000e+00   1.000000e+00 0 0
303   2.963867e-01   1.000000e+00   0.000000e+00   1.000000e+00 0 0
304   2.973633e-01   1.000000e+00   0.000000e+00   1.000000e+00 0 0
305   2.983398e-01   1.000000e+00   0.000000e+00   1.000000e+00 0 0
306   2.993164e-01   1.000000e+00   0.000000e+00   1.000000e+00 0 0
307   3.002930e-01   1.000000e+00   0.000000e+00   1.000000e+00 0 0
308   3.012695e-01   1.000000e+00   0.000000e+00   1.000000e+00 0 0
309   3.022461e-01   1.000000e+00   0.000000e+00   1.000000e+00 0 0
310   3.032227e-01   1.000000e+00   0.000000e+00   1.000000e+00 0 0
311   3.041992e-01   1.000000e+00   0.000000e+00   1.000000e+00 0 0
312   3.051758e-01   1.000000e+00   0.000000e+00   1.000000e+00 0 0
313   3.061523e-01   1.000000e+00   0.000000e+00   1.000000e+00 0 0
314   3.071289e-01   1.000000e+00   0.000000e+00   1.000000e+00 0 0
315   3.081055e-01   1.000000e+00   0.000000e+00   1.000000e+00 0 0
316   3.090820e-01   1.000000e+00   0.000000e+00   1.000000e+00 0 0
317   3.100586e-01   1.000000e+00   0.000000e+00   1.000000e+00 0 0
318   3.110352e-01   1.000000e+00   0.000000e+00   1.000000e+00 0 0
319   3.120117e-01   1.000000e+00   0.000000e+00   1.000000e+00 0 0
320   3.129883e-01   1.000000e+00   0.000000e+00   1.000000e+00 0 0
321   3.139648e-01   1.000000e+00   0.000000e+00   1.000000e+00 0 0
322   3.149414e-01   1.000000e+00   0.000000e+00   1.000000e+00 0 0
323   3.159180e-01   1.000000e+00   0.000000e+00   1.000000e+00 0 0
324   3.168945e-01   1.000000e+00   0.000000e+00   1.000000e+00 0 0
325   3.178711e-01   1.000000e+00   0.000000e+00   1.000000e+00 0 0
326   3.188477e-01   1.000000e+00   0.000000e+00   1.000000e+00 0 0
327   3.198242e-01   1.000000e+00   0.000000e+00   1.000000e+00 0 0
328   3.208008e-01   1.000000e+00   0.000000e+00   1.000000e+00 0 0
329   3.217773e-01   1.000000e+00   0.000000e+00   1.000000e+00 0 0
330   3.227539e-01   1.000000e+00   0.000000e+00   1.000000e+00 0 0
331   3.237305e-01   1.000000e+00   0.000000e+00   1.000000e+00 0 0
332   3.247070e-01   1.000000e+00   0.000000e+00   1.000000e+00 0 0
333   3.256836e-01   1.000000e+00   0.000000e+00   1.000000e+00 0 0
334   3.266602e-01   1.000000e+00   0.000000e+00   1.000000e+00 0 0
335   3.276367e-01   1.000000e+00   0.000000e+00   1.000000e+00 0 0
336   3.286133e-01   1.000000e+00   0.000000e+00   1.000000e+00 0 0
337   3.295898e-01   1.000000e+00   0.000000e+00   1.000000e+00 0 0
338   3.305664e-01   1.000000e+00   0.000000e+00   1.000000e+00 0 0
339   3.315430e-01   1.000000e+00   0.000000e+00   1.000000e+00 0 0
340   3.325195e-01   1.000000e+00   0.000000e+00   1.000000e+00 0 0
341   3.334961e-01   1.000000e+00   0.000000e+00   1.000000e+00 0 0
342   3.344727e-01   1.000000e+00   0.000000e+00   1.000000e+00 0 0
343   3.354492e-01   1.000000e+00   0.000000e+00   1.000000e+00 0 0
344   3.364258e-01   1.000000e+00   0.000000e+00   1.000000e+00 0 0
345   3.374023e-01   1.000000e+00   0.000000e+00   1.000000e+00 0 0
346   3.383789e-01   1.000000e+00   1.124027e-17   1.000000e+00 0 0
347   3.393555e-01   1.000000e+00   1.557581e-16   1.000000e+00 0 0
348   3.403320e-01   1.000000e+00   6.326668e-16   1.000000e+00 0 0
349   3.413086e-01   1.000000e+00   1.756694e-15   1.000000e+00 0 0
350   3.422852e-01   1.000000e+00   3.722132e-15   1.000000e+00 0 0
351   3.432617e-01   1.000000e+00   5.295762e-15   1.000000e+00 0 0
352   3.442383e-01   1.000000e+00   5.888268e-15   1.000000e+00 0 0
353   3.452148e-01   1.000000e+00   5.859343e-15   1.000000e+00 0 1
354   3.461914e-01   1.000000e+00   5.758155e-15   1.000000e+00 0 1
355   3.471680e-01   1.000000e+00   5.743684e-15   1.000000e+00 0 1
356   3.481445e-01   1.000000e+00   5.679435e-15   1.000000e+00 0 1
357   3.491211e-01   1.000000e+00   5.620006e-15   1.000000e+00 0 1
358   3.500977e-01   1.000000e+00   5.668155e-15   1.000000e+00 0 0
359   3.510742e-01   1.000000e+00   5.724332e-15   1.000000e+00 0 0
360   3.520508e-01   1.000000e+00   5.897728e-15   1.000000e+00 0 0
361   3.530273e-01   1.000000e+00   5.884865e-15   1.000000e+00 0 0
362   3.540039e-01   1.000000e+00   5.944253e-15   1.000000e+00 0 0
363   3.549805e-01   1.000000e+00   3.030584e-13   1.000000e+00 0 0
364   3.559570e-01   1.000000e+00   2.723737e-12   1.000000e+00 0 0
365   3.569336e-01   1.000000e+00   7.316974e-12   1.000000e+00 0 0
366   3.579102e-01   1.000000e+00   1.141200e-11   1.000000e+00 0 0
367   3.588867e-01   1.000000e+00   1.238489e-11   1.000000e+00 0 0
368   3.598633e-01   1.000000e+00   1.248080e-11   1.000000e+00 0 0
369   3.608398e-01   1.000000e+00   2.367802e-09   1.000000e+00 0 0
370   3.618164e-01   1.000000e+00   3.696259e-08   1.000000e+00 0 0
371   3.627930e-01   9.999999e-01   1.201637e-07   9.999998e-01 0 0
372   3.637695e-01   9.999998e-01   2.179171e-07   9.999997e-01 0 0
373   3.647461e-01   9.999998e-01   2.744362e-07   9.999996e-01 0 0
374   3.657227e-01   9.999998e-01   2.789859e-07   9.999996e-01 0 0
375   3.666992e-01   9.999998e-01   2.800782e-07   9.999996e-01 0 0
376   3.676758e-01   9.998645e-01   1.748811e-04   9.997742e-01 0 0
377   3.686523e-01   9.989577e-01   1.345901e-03   9.982637e-01 0 0
378   3.696289e-01   9.968975e-01   4.008877e-03   9.948353e-01 0 0
379   3.706055e-01   9.937007e-01   8.148420e-03   9.895246e-01 0 0
380   3.715820e-01   9.896297e-01   1.343307e-02   9.827779e-01 0 0
381   3.725586e-01   9.850035e-01   1.945622e-02   9.751332e-01 0 0
382   3.735352e-01   9.800721e-01   2.589771e-02   9.670104e-01 0 0
383   3.745117e-01   9.749852e-01   3.256509e-02   9.586597e-01 0 0
384   3.754883e-01   9.698177e-01   3.936186e-02   9.502065e-01 0 0
385   3.764648e-01   9.646045e-01   4.624330e-02   9.417089e-01 0 0
386   3.774414e-01   9.593633e-01   5.318668e-02   9.331965e-01 0 0
387   3.784180e-01   9.541053e-01   6.017786e-02   9.246877e-01 0 0
388   3.793945e-01   9.488384e-01   6.720675e-02   9.161958e-01 0 0
389   3.803711e-01   9.435683e-01   7.426585e-02   9.077303e-01 0 0
390   3.813477e-01   9.382995e-01   8.134956e-02   8.992983e-01 0 0
391   3.823242e-01   9.330353e-01   8.845366e-02   8.909051e-01 0 0
392   3.833008e-01   9.277782e-01   9.557494e-02   8.825546e-01 0 0
393   3.842773e-01   9.225301e-01   1.027109e-01   8.742498e-01 0 0
394   3.852539e-01   9.172926e-01   1.098594e-01   8.659931e-01 0 0
395   3.862305e-01   9.120669e-01   1.170190e-01   8.577864e-01 0 0
396   3.872070e-01   9.068541e-01   1.241883e-01   8.496310e-01 0 0
397   3.881836e-01   9.016549e-01   1.313661e-01   8.415281e-01 0 0
398   3.891602e-01   8.964702e-01   1.385516e-01   8.334786e-01 0 0
399   3.901367e-01   8.913004e-01   1.457440e-01   8.254832e-01 0 0
400   3.911133e-01   8.861462e-01   1.529426e-01   8.175424e-01 0 0
401   3.920898e-01   8.810078e-01   1.601469e-01   8.096568e-01 0 0
402   3.930664e-01   8.758856e-01   1.673563e-01   8.018265e-01 0 0
403   3.940430e-01   8.707801e-01   1.745704e-01   7.940519e-01 0 0
404   3.950195e-01   8.656913e-01   1.817888e-01   7.863330e-01 0 0
405   3.959961e-01   8.606196e-01   1.890113e-01   7.786701e-01 0 0
406   3.969727e-01   8.555652e-01   1.962374e-01   7.710632e-01 0 0
407   3.979492e-01   8.505282e-01   2.034670e-01   7.635122e-01 0 0
408   3.989258e-01   8.455088e-01   2.106998e-01   7.560172e-01 0 0
409   3.999023e-01   8.405071e-01   2.179357e-01   7.485780e-01 0 0
410   4.008789e-01   8.355232e-01   2.251743e-01   7.411947e-01 0 0
411   4.018555e-01   8.305573e-01   2.324156e-01   7.338671e-01 0 0
412   4.028320e-01   8.256093e-01   2.396594e-01   7.265951e-01 0 0
413   4.038086e-01   8.206795e-01   2.469055e-01   7.193785e-01 0 0
414   4.047852e-01   8.157678e-01   2.541539e-01   7.122171e-01 0 0
415   4.057617e-01   8.108743e-01   2.614044e-01   7.051109e-01 0 0
416   4.067383e-01   8.059991e-01   2.686569e-01   6.980595e-01 0 0
417   4.077148e-01   8.011422e-01   2.759113e-01   6.910629e-01 0 0
418   4.086914e-01   7.963037e-01   2.831675e-01   6.841207e-01 0 0
419   4.096680e-01   7.914835e-01   2.904254e-01   6.772328e-01 0 0
420   4.106445e-01   7.866817e-01   2.976850e-01   6.703989e-01 0 0
421   4.116211e-01   7.818984e-01   3.049461e-01   6.636189e-01 0 0
422   4.125977e-01   7.771335e-01   3.122088e-01   6.568924e-01 0 0
423   4.135742e-01   7.723870e-01   3.194730e-01   6.502192e-01 0 0
424   4.145508e-01   7.676590e-01   3.267385e-01   6.435992e-01 0 0
425   4.155273e-01   7.629495e-01   3.340053e-01   6.370319e-01 0 0
426   4.165039e-01   7.582584e-01   3.412735e-01   6.305172e-01 0 0
427   4.174805e-01   7.535858e-01   3.485428e-01   6.240549e-01 0 0
428   4.184570e-01   7.489317e-01   3.558134e-01   6.176446e-01 0 0
429   4.194336e-01   7.442961e-01   3.630851e-01   6.112860e-01 0 0
430   4.204102e-01   7.396789e-01   3.703580e-01   6.049790e-01 0 0
431   4.213867e-01   7.350802e-01   3.776318e-01   5.987233e-01 0 0
432   4.223633e-01   7.304999e-01   3.849068e-01   5.925185e-01 0 0
433   4.233398e-01   7.259381e-01   3.921827e-01   5.863644e-01 0 0
434   4.243164e-01   7.213947e-01   3.994596e-01   5.802608e-01 0 0
435   4.252930e-01   7.168698e-01   4.067374e-01   5.742074e-01 0 0
436   4.262695e-01   7.123632e-01   4.140161e-01   5.682038e-01 0 0
437   4.272461e-01   7.078751e-01   4.212956e-01   5.622498e-01 0 0
438   4.282227e-01   7.034053e-01   4.285760e-01   5.563452e-01 0 0
439   4.291992e-01   6.989539e-01   4.358573e-01   5.504897e-01 0 0
440   4.301758e-01   6.945208e-01   4.431393e-01   5.446829e-01 0 0
441   4.311523e-01   6.901060e-01   4.504220e-01   5.389247e-01 0 0
442   4.321289e-01   6.857096e-01   4.577055e-01   5.332146e-01 0 0
443   4.331055e-01   6.813314e-01   4.649897e-01   5.275526e-01 0 0
444   4.340820e-01   6.769715e-01   4.722746e-01   5.219382e-01 0 0
445   4.350586e-01   6.726299e-01   4.795601e-01   5.163712e-01 0 0
446   4.360352e-01   6.683065e-01   4.868463e-01   5.108513e-01 0 0
447   4.370117e-01   6.640013e-01   4.941331e-01   5.053783e-01 0 0
448   4.379883e-01   6.597142e-01   5.014205e-01   4.999519e-01 0 0
449   4.389648e-01   6.554454e-01   5.087084e-01   4.945717e-01 0 0
450   4.399414e-01   6.511947e-01   5.159968e-01   4.892376e-01 0 0
451   4.409180e-01   6.469621e-01   5.232857e-01   4.839493e-01 0 0
452   4.418945e-01   6.427477e-01   5.305751e-01   4.787065e-01 0 0
453   4.428711e-01   6.385513e-01   5.378649e-01   4.735089e-01 0 0
454   4.438477e-01   6.343731e-01   5.451551e-01   4.683563e-01 0 0
455   4.448242e-01   6.302129e-01   5.524457e-01   4.632484e-01 0 0
456   4.458008e-01   6.260707e-01   5.597365e-01   4.581850e-01 0 0
457   4.467773e-01   6.219467e-01   5.670276e-01   4.531657e-01 0 0
458   4.477539e-01   6.178406e-01   5.743188e-01   4.481905e-01 0 0
459   4.487305e-01   6.137526e-01   5.816102e-01   4.432589e-01 0 0
460   4.497070e-01   6.096827e-01   5.889017e-01   4.383708e-01 0 0
461   4.506836e-01   6.056307e-01   5.961931e-01   4.335259e-01 0 0
462   4.516602e-01   6.015968e-01   6.034845e-01   4.287240e-01 0 0
463   4.526367e-01   5.975810e-01   6.107757e-01   4.239649e-01 0 0
464   4.536133e-01   5.935832e-01   6.180667e-01   4.192482e-01 0 0
465   4.545898e-01   5.896035e-01   6.253573e-01   4.145739e-01 0 0
466   4.555664e-01   5.856418e-01   6.326475e-01   4.099416e-01 0 0
467   4.565430e-01   5.816982e-01   6.399371e-01   4.053512e-01 0 0
468   4.575195e-01   5.777727e-01   6.472260e-01   4.008024e-01 0 0
469   4.584961e-01   5.738654e-01   6.545142e-01   3.962951e-01 0 0
470   4.594727e-01   5.699762e-01   6.618013e-01   3.918289e-01 0 0
471   4.604492e-01   5.661052e-01   6.690874e-01   3.874038e-01 0 0
472   4.614258e-01   5.622524e-01   6.763723e-01   3.830195e-01 0 0
473   4.624023e-01   5.584179e-01   6.836557e-01   3.786758e-01 0 0
474   4.633789e-01   5.546018e-01   6.909374e-01   3.743726e-01 0 0
475   4.643555e-01   5.508040e-01   6.982172e-01   3.701098e-01 0 0
476   4.653320e-01   5.470248e-01   7.054949e-01   3.658871e-01 0 0
477   4.663086e-01   5.432642e-01   7.127701e-01   3.617044e-01 0 0
478   4.672852e-01   5.395223e-01   7.200423e-01   3.575618e-01 0 0
479   4.682617e-01   5.357994e-01   7.273113e-01   3.534591e-01 0 0
480   4.692383e-01   5.320957e-01   7.345762e-01   3.493963e-01 0 0
481   4.702148e-01   5.284114e-01   7.418366e-01   3.453735e-01 0 0
482   4.711914e-01   5.247469e-01   7.490914e-01   3.413909e-01 0 0
483   4.721680e-01   5.211028e-01   7.563396e-01   3.374487e-01 0 0
484   4.731445e-01   5.174796e-01   7.635795e-01   3.335474e-01 0 0
485   4.741211e-01   5.138784e-01   7.708093e-01   3.296876e-01 0 0
486   4.750977e-01   5.103002e-01   7.780263e-01   3.258705e-01 0 0
487   4.760742e-01   5.067468e-01   7.852268e-01   3.220973e-01 0 0
488   4.770508e-01   5.032205e-01   7.924057e-01   3.183704e-01 0 0
489   4.780273e-01   4.997247e-01   7.995558e-01   3.146928e-01 0 0
490   4.790039e-01   4.962641e-01   8.066667e-01   3.110691e-01 0 0
491   4.799805e-01   4.928476e-01   8.137196e-01   3.075081e-01 0 0
492   4.809570e-01   4.894966e-01   8.206691e-01   3.040311e-01 0 0
493   4.819336e-01   4.862692e-01   8.273924e-01   3.006974e-01 0 0
494   4.829102e-01   4.833077e-01   8.335884e-01   2.976512e-01 0 0
495   4.838867e-01   4.808872e-01   8.386713e-01   2.951706e-01 0 0
496   4.848633e-01   4.793789e-01   8.418478e-01   2.936288e-01 0 0
497   4.858398e-01   4.789489e-01   8.427546e-01   2.931899e-01 0 0
498   4.868164e-01   4.790271e-01   8.425898e-01   2.932696e-01 0 1
499   4.877930e-01   4.792508e-01   8.421181e-01   2.934979e-01 0 1
500   4.887695e-01   4.794509e-01   8.416964e-01   2.937022e-01 0 1
501   4.897461e-01   4.795516e-01   8.414843e-01   2.938049e-01 0 1
502   4.907227e-01   4.795850e-01   8.414138e-01   2.938391e-01 0 1
503   4.916992e-01   4.796078e-01   8.413658e-01   2.938624e-01 0 1
504   4.926758e-01   4.796343e-01   8.413099e-01   2.938895e-01 0 1
505   4.936523e-01   4.796493e-01   8.412783e-01   2.939048e-01 0 1
506   4.946289e-01   4.796503e-01   8.412762e-01   2.939058e-01 0 1
507   4.956055e-01   4.796528e-01   8.412709e-01   2.939084e-01 0 1
508   4.965820e-01   4.796598e-01   8.412562e-01   2.939155e-01 0 1
509   4.975586e-01   4.796651e-01   8.412449e-01   2.939209e-01 0 1
510   4.985352e-01   4.796678e-01   8.412392e-01   2.939237e-01 0 1
511   4.995117e-01   4.796706e-01   8.412333e-01   2.939266e-01 0 1
512   5.004883e-01   4.796737e-01   8.412269e-01   2.939297e-01 0 1
513   5.014648e-01   4.796760e-01   8.412220e-01   2.939321e-01 0 1
514   5.024414e-01   4.796778e-01   8.412181e-01   2.939340e-01 0 1
515   5.034180e-01   4.796791e-01   8.412154e-01   2.939353e-01 0 1
516   5.043945e-01   4.796796e-01   8.412143e-01   2.939358e-01 0 1
517   5.053711e-01   4.796801e-01   8.412133e-01   2.939363e-01 0 1
518   5.063477e-01   4.796808e-01   8.412117e-01   2.939371e-01 0 1
519   5.073242e-01   4.796814e-01   8.412106e-01   2.939376e-01 0 1
520   5.083008e-01   4.796817e-01   8.412098e-01   2.939380e-01 0 1
521   5.092773e-01   4.796823e-01   8.412084e-01   2.939386e-01 0 1
522   5.102539e-01   4.796830e-01   8.412071e-01   2.939393e-01 0 1
523   5.112305e-01   4.796833e-01   8.412064e-01   2.939396e-01 0 1
524   5.122070e-01   4.796837e-01   8.412056e-01   2.939400e-01 0 1
525   5.131836e-01   4.796843e-01   8.412044e-01   2.939406e-01 0 1
526   5.141602e-01   4.796847e-01   8.412034e-01   2.939411e-01 0 1
527   5.151367e-01   4.796849e-01   8.412028e-01   2.939414e-01 0 1
528   5.161133e-01   4.796854e-01   8.412019e-01   2.939418e-01 0 1
529   5.170898e-01   4.796859e-01   8.412008e-01   2.939423e-01 0 1
530   5.180664e-01   4.796862e-01   8.412002e-01   2.939426e-01 0 1
531   5.190430e-01   4.796864e-01   8.411997e-01   2.939429e-01 0 1
532   5.200195e-01   4.796867e-01   8.411990e-01   2.939432e-01 0 1
533   5.209961e-01   4.796870e-01   8.411983e-01   2.939435e-01 0 1
534   5.219727e-01   4.796870e-01   8.411981e-01   2.939437e-01 0 1
535   5.229492e-01   4.796872e-01   8.411978e-01   2.939438e-01 0 1
536   5.239258e-01   4.796874e-01   8.411973e-01   2.939441e-01 0 1
537   5.249023e-01   4.796875e-01   8.411971e-01   2.939442e-01 0 1
538   5.258789e-01   4.796875e-01   8.411970e-01   2.939442e-01 0 1
539   5.268555e-01   4.796877e-01   8.411966e-01   2.939444e-01 0 1
540   5.278320e-01   4.796877e-01   8.411964e-01   2.939445e-01 0 1
541   5.288086e-01   4.796877e-01   8.411964e-01   2.939445e-01 0 1
542   5.297852e-01   4.796877e-01   8.411963e-01   2.939445e-01 0 1
543   5.307617e-01   4.796878e-01   8.411960e-01   2.939447e-01 0 1
544   5.317383e-01   4.796879e-01   8.411959e-01   2.939447e-01 0 0
545   5.327148e-01   4.796877e-01   8.411961e-01   2.939447e-01 0 1
546   5.336914e-01   4.796877e-01   8.411959e-01   2.939447e-01 0 1
547   5.346680e-01   4.796878e-01   8.411956e-01   2.939449e-01 0 1
548   5.356445e-01   4.796877e-01   8.411957e-01   2.939448e-01 0 0
549   5.366211e-01   4.796876e-01   8.411959e-01   2.939447e-01 0 1
550   5.375977e-01   4.796878e-01   8.411956e-01   2.939449e-01 0 1
551   5.385742e-01   4.796878e-01   8.411954e-01   2.939450e-01 0 0
552   5.395508e-01   4.796875e-01   8.411957e-01   2.939448e-01 0 0
553   5.405273e-01   4.796873e-01   8.411957e-01   2.939448e-01 0 1
554   5.415039e-01   4.796875e-01   8.411952e-01   2.939451e-01 0 1
555   5.424805e-01   4.796875e-01   8.411953e-01   2.939451e-01 0 0
556   5.434570e-01   4.796872e-01   8.411957e-01   2.939448e-01 0 0
557   5.444336e-01   4.796872e-01   8.411955e-01   2.939449e-01 0 1
558   5.454102e-01   4.796873e-01   8.411950e-01   2.939452e-01 0 1
559   5.463867e-01   4.796869e-01   8.411954e-01   2.939450e-01 0 0
560   5.473633e-01   4.796865e-01   8.411958e-01   2.939448e-01 0 1
561   5.483398e-01   4.796867e-01   8.411953e-01   2.939451e-01 0 1
562   5.493164e-01   4.796868e-01   8.411949e-01   2.939452e-01 0 0
563   5.502930e-01   4.796863e-01   8.411956e-01   2.939449e-01 0 0
564   5.512695e-01   4.796859e-01   8.411958e-01   2.939448e-01 0 1
565   5.522461e-01   4.796859e-01   8.411950e-01   2.939452e-01 0 1
566   5.532227e-01   4.796855e-01   8.411950e-01   2.939452e-01 0 0
567   5.541992e-01   4.796849e-01   8.411959e-01   2.939448e-01 0 0
568   5.551758e-01   4.796850e-01   8.411957e-01   2.939449e-01 0 1
569   5.561523e-01   4.796853e-01   8.411947e-01   2.939454e-01 0 1
570   5.571289e-01   4.796843e-01   8.411953e-01   2.939451e-01 0 0
571   5.581055e-01   4.796828e-01   8.411962e-01   2.939447e-01 0 0
572   5.590820e-01   4.796823e-01   8.411953e-01   2.939451e-01 0 1
573   5.600586e-01   4.796823e-01   8.411946e-01   2.939454e-01 0 0
574   5.610352e-01   4.796815e-01   8.411957e-01   2.939449e-01 0 0
575   5.620117e-01   4.796801e-01   8.411962e-01   2.939446e-01 0 1
576   5.629883e-01   4.796786e-01   8.411948e-01   2.939453e-01 0 1
577   5.639648e-01   4.796768e-01   8.411946e-01   2.939454e-01 0 0
578   5.649414e-01   4.796752e-01   8.411963e-01   2.939446e-01 0 0
579   5.659180e-01   4.796747e-01   8.411960e-01   2.939447e-01 0 1
580   5.668945e-01   4.796725e-01   8.411942e-01   2.939456e-01 0 1
581   5.678711e-01   4.796658e-01   8.411950e-01   2.939452e-01 0 0
582   5.688477e-01   4.796590e-01   8.411967e-01   2.939444e-01 0 0
583   5.698242e-01   4.796575e-01   8.411953e-01   2.939451e-01 0 1
584   5.708008e-01   4.796579e-01   8.411938e-01   2.939458e-01 0 0
585   5.717773e-01   4.796464e-01   8.411957e-01   2.939449e-01 0 0
586   5.727539e-01   4.796114e-01   8.411968e-01   2.939444e-01 0 1
587   5.737305e-01   4.795735e-01   8.411943e-01   2.939456e-01 0 1
588   5.747070e-01   4.795570e-01   8.411937e-01   2.939459e-01 0 0
589   5.756836e-01   4.795538e-01   8.411967e-01   2.939445e-01 0 0
590   5.766602e-01   4.794213e-01   8.411965e-01   2.939445e-01 0 1
591   5.776367e-01   4.787678e-01   8.411932e-01   2.939461e-01 0 1
592   5.786133e-01   4.778942e-01   8.411943e-01   2.939456e-01 0 0
593   5.795898e-01   4.774303e-01   8.411975e-01   2.939441e-01 0 0
594   5.805664e-01   4.773802e-01   8.411954e-01   2.939451e-01 0 1
595   5.815430e-01   4.741909e-01   8.411926e-01   2.939465e-01 0 0
596   5.825195e-01   4.464468e-01   8.411956e-01   2.939450e-01 0 0
597   5.834961e-01   3.898454e-01   8.411980e-01   2.939439e-01 0 1
598   5.844727e-01   3.213354e-01   8.411949e-01   2.939453e-01 0 1
599   5.854492e-01   2.645100e-01   8.411915e-01   2.939465e-01 0 1
600   5.864258e-01   2.344972e-01   8.411933e-01   2.939458e-01 0 0
601   5.874023e-01   2.287391e-01   8.411975e-01   2.939444e-01 0 0
602   5.883789e-01   2.287441e-01   8.411988e-01   2.939440e-01 0 1
603   5.893555e-01   2.289276e-01   8.411956e-01   2.939451e-01 0 1
604   5.903320e-01   2.292711e-01   8.411918e-01   2.939464e-01 0 1
605   5.913086e-01   2.295467e-01   8.411921e-01   2.939463e-01 0 0
606   5.922852e-01   2.296539e-01   8.411962e-01   2.939449e-01 0 0
607   5.932617e-01   2.296607e-01   8.411990e-01   2.939440e-01 0 0
608   5.942383e-01   2.296649e-01   8.411971e-01   2.939446e-01 0 1
609   5.952148e-01   2.296854e-01   8.411928e-01   2.939460e-01 0 1
610   5.961914e-01   2.297133e-01   8.411914e-01   2.939465e-01 0 0
611   5.971680e-01   2.297351e-01   8.411947e-01   2.939454e-01 0 0
612   5.981445e-01   2.297468e-01   8.411986e-01   2.939441e-01 0 0
613   5.991211e-01   2.297523e-01   8.411984e-01   2.939442e-01 0 1
614   6.000977e-01   2.297567e-01   8.411942e-01   2.939456e-01 0 1
615   6.010742e-01   2.297622e-01   8.411912e-01   2.939466e-01 0 1
616   6.020508e-01   2.297687e-01   8.411932e-01   2.939459e-01 0 0
617   6.030273e-01   2.297752e-01   8.411977e-01   2.939444e-01 0 0
618   6.040039e-01   2.297815e-01   8.411992e-01   2.939439e-01 0 1
619   6.049805e-01   2.297874e-01   8.411958e-01   2.939450e-01 0 1
620   6.059570e-01   2.297921e-01   8.411917e-01   2.939464e-01 0 1
621   6.069336e-01   2.297952e-01   8.411919e-01   2.939464e-01 0 0
622   6.079102e-01   2.297967e-01   8.411962e-01   2.939449e-01 0 0
623   6.088867e-01   2.297979e-01   8.411994e-01   2.939438e-01 0 0
624   6.098633e-01   2.297994e-01   8.411975e-01   2.939445e-01 0 1
625   6.108398e-01   2.298011e-01   8.411928e-01   2.939461e-01 0 1
626   6.118164e-01   2.298020e-01   8.411911e-01   2.939467e-01 0 0
627   6.127930e-01   2.298020e-01   8.411945e-01   2.939455e-01 0 0
628   6.137695e-01   2.298018e-01   8.411989e-01   2.939440e-01 0 0
629   6.147461e-01   2.298022e-01   8.411989e-01   2.939441e-01 0 1
630   6.157227e-01   2.298032e-01   8.411944e-01   2.939456e-01 0 1
631   6.166992e-01   2.298040e-01   8.411910e-01   2.939467e-01 0 1
632   6.176758e-01   2.298040e-01   8.411928e-01   2.939461e-01 0 0
633   6.186523e-01   2.298034e-01   8.411978e-01   2.939445e-01 0 0
634   6.196289e-01   2.298032e-01   8.411998e-01   2.939438e-01 0 1
635   6.206055e-01   2.298038e-01   8.411963e-01   2.939450e-01 0 1
636   6.215820e-01   2.298046e-01   8.411916e-01   2.939466e-01 0 1
637   6.225586e-01   2.298047e-01   8.411915e-01   2.939466e-01 0 0
638   6.235352e-01   2.298040e-01   8.411961e-01   2.939451e-01 0 0
639   6.245117e-01   2.298034e-01   8.411999e-01   2.939438e-01 0 0
640   6.254883e-01   2.298036e-01   8.411982e-01   2.939444e-01 0 1
641   6.264648e-01   2.298044e-01   8.411931e-01   2.939461e-01 0 1
642   6.274414e-01   2.298048e-01   8.411908e-01   2.939469e-01 0 0
643   6.284180e-01   2.298042e-01   8.411941e-01   2.939458e-01 0 0
644   6.293945e-01   2.298035e-01   8.411991e-01   2.939441e-01 0 0
645   6.303711e-01   2.298034e-01   8.411997e-01   2.939439e-01 0 1
646   6.313477e-01   2.298042e-01   8.411951e-01   2.939455e-01 0 1
647   6.323242e-01   2.298049e-01   8.411910e-01   2.939469e-01 0 1
648   6.333008e-01   2.298048e-01   8.411923e-01   2.939464e-01 0 0
649   6.342773e-01   2.298041e-01   8.411975e-01   2.939447e-01 0 0
650   6.352539e-01   2.298038e-01   8.412004e-01   2.939438e-01 0 0
651   6.362305e-01   2.298045e-01   8.411974e-01   2.939448e-01 0 1
652   6.372070e-01   2.298055e-01   8.411923e-01   2.939465e-01 0 1
653   6.381836e-01   2.298058e-01   8.411913e-01   2.939469e-01 0 0
654   6.391602e-01   2.298053e-01   8.411956e-01   2.939454e-01 0 0
655   6.401367e-01   2.298047e-01   8.412001e-01   2.939440e-01 0 0
656   6.411133e-01   2.298049e-01   8.411992e-01   2.939443e-01 0 1
657   6.420898e-01   2.298058e-01   8.411941e-01   2.939460e-01 0 1
658   6.430664e-01   2.298064e-01   8.411910e-01   2.939470e-01 0 1
659   6.440430e-01   2.298060e-01   8.411937e-01   2.939461e-01 0 0
660   6.450195e-01   2.298051e-01   8.411990e-01   2.939444e-01 0 0
661   6.459961e-01   2.298049e-01   8.412004e-01   2.939439e-01 0 1
662   6.469727e-01   2.298056e-01   8.411962e-01   2.939454e-01 0 1
663   6.479492e-01   2.298063e-01   8.411916e-01   2.939469e-01 0 1
664   6.489258e-01   2.298061e-01   8.411922e-01   2.939467e-01 0 0
665   6.499023e-01   2.298053e-01   8.411973e-01   2.939450e-01 0 0
666   6.508789e-01   2.298048e-01   8.412008e-01   2.939439e-01 0 0
667   6.518555e-01   2.298052e-01   8.411983e-01   2.939448e-01 0 1
668   6.528320e-01   2.298060e-01   8.411930e-01   2.939466e-01 0 1
669   6.538086e-01   2.298063e-01   8.411914e-01   2.939471e-01 0 0
670   6.547852e-01   2.298057e-01   8.411955e-01   2.939458e-01 0 0
671   6.557617e-01   2.298049e-01   8.412004e-01   2.939442e-01 0 0
672   6.567383e-01   2.298050e-01   8.412002e-01   2.939443e-01 0 1
673   6.577148e-01   2.298058e-01   8.411951e-01   2.939460e-01 0 1
674   6.586914e-01   2.298064e-01   8.411915e-01   2.939473e-01 0 1
675   6.596680e-01   2.298061e-01   8.411937e-01   2.939465e-01 0 0
676   6.606445e-01   2.298052e-01   8.411993e-01   2.939447e-01 0 0
677   6.616211e-01   2.298049e-01   8.412014e-01   2.939441e-01 0 1
678   6.625977e-01   2.298055e-01   8.411974e-01   2.939454e-01 0 1
679   6.635742e-01   2.298063e-01   8.411923e-01   2.939472e-01 0 1
680   6.645508e-01   2.298063e-01   8.411924e-01   2.939472e-01 0 0
681   6.655273e-01   2.298055e-01   8.411977e-01   2.939455e-01 0 0
682   6.665039e-01   2.298049e-01   8.412019e-01   2.939441e-01 0 0
683   6.674805e-01   2.298052e-01   8.411999e-01   2.939449e-01 0 1
684   6.684570e-01   2.298062e-01   8.411942e-01   2.939468e-01 0 1
685   6.694336e-01   2.298066e-01   8.411918e-01   2.939477e-01 0 0
686   6.704102e-01   2.298060e-01   8.411959e-01   2.939463e-01 0 0
687   6.713867e-01   2.298052e-01   8.412014e-01   2.939445e-01 0 0
688   6.723633e-01   2.298051e-01   8.412018e-01   2.939444e-01 0 1
689   6.733398e-01   2.298060e-01   8.411964e-01   2.939462e-01 0 1
690   6.743164e-01   2.298068e-01   8.411919e-01   2.939478e-01 0 1
691   6.752930e-01   2.298064e-01   8.411941e-01   2.939472e-01 0 0
692   6.762695e-01   2.298055e-01   8.412002e-01   2.939452e-01 0 0
693   6.772461e-01   2.298052e-01   8.412031e-01   2.939443e-01 0 0
694   6.782227e-01   2.298058e-01   8.412002e-01   2.939457e-01 0 1
695   6.791992e-01   2.298067e-01   8.411937e-01   2.939480e-01 0 1
696   6.801758e-01   2.298071e-01   8.411925e-01   2.939479e-01 0 1
697   6.811523e-01   2.298002e-01   8.411637e-01   2.939339e-01 0 1
698   6.821289e-01   2.297931e-01   8.411272e-01   2.939199e-01 0 1
699   6.831055e-01   2.297719e-01   8.409596e-01   2.938704e-01 0 1
700   6.840820e-01   2.172993e-01   7.637287e-01   2.683915e-01 0 1
701   6.850586e-01   1.559073e-01   2.984748e-01   1.509131e-01 0 1
702   6.860352e-01   1.251456e-01   1.366013e-03   1.001955e-01 0 1
703   6.870117e-01   1.249999e-01  -1.153792e-06   9.999983e-02 0 1
704   6.879883e-01   1.250000e-01  -1.038837e-07   9.999999e-02 0 0
705   6.889648e-01   1.250000e-01  -6.423014e-18   1.000000e-01 0 0
706   6.899414e-01   1.250000e-01   0.000000e+00   1.000000e-01 0 0
707   6.909180e-01   1.250000e-01   0.000000e+00   1.000000e-01 0 0
708   6.918945e-01   1.250000e-01   0.000000e+00   1.000000e-01 0 0
709   6.928711e-01   1.250000e-01   0.000000e+00   1.000000e-01 0 0
710   6.938477e-01   1.250000e-01   0.000000e+00   1.000000e-01 0 0
711   6.948242e-01   1.250000e-01   0.000000e+00   1.000000e-01 0 0
712   6.958008e-01   1.250000e-01   0.000000e+00   1.000000e-01 0 0
713   6.967773e-01   1.250000e-01   0.000000e+00   1.000000e-01 0 0
714   6.977539e-01   1.250000e-01   0.000000e+00   1.000000e-01 0 0
715   6.987305e-01   1.250000e-01   0.000000e+00   1.000000e-01 0 0
716   6.997070e-01   1.250000e-01   0.000000e+00   1.000000e-01 0 0
717   7.006836e-01   1.250000e-01   0.000000e+00   1.000000e-01 0 0
718   7.016602e-01   1.250000e-01   0.000000e+00   1.000000e-01 0 0
719   7.026367e-01   1.250000e-01   0.000000e+00   1.000000e-01 0 0
720   7.036133e-01   1.250000e-01   0.000000e+00   1.000000e-01 0 0
721   7.045898e-01   1.250000e-01   0.000000e+00   1.000000e-01 0 0
722   7.055664e-01   1.250000e-01   0.000000e+00   1.000000e-01 0 0
723   7.065430e-01   1.250000e-01   0.000000e+00   1.000000e-01 0 0
724   7.075195e-01   1.250000e-01   0.000000e+00   1.000000e-01 0 0
725   7.084961e-01   1.250000e-01   0.000000e+00   1.000000e-01 0 0
726   7.094727e-01   1.250000e-01   0.000000e+00   1.000000e-01 0 0
727   7.104492e-01   1.250000e-01   0.000000e+00   1.000000e-01 0 0
728   7.114258e-01   1.250000e-01   0.000000e+00   1.000000e-01 0 0
729   7.124023e-01   1.250000e-01   0.000000e+00   1.000000e-01 0 0
730   7.133789e-01   1.250000e-01   0.000000e+00   1.000000e-01 0 0
731   7.143555e-01   1.250000e-01   0.000000e+00   1.000000e-01 0 0
732   7.153320e-01   1.250000e-01   0.000000e+00   1.000000e-01 0 0
733   7.163086e-01   1.250000e-01   0.000000e+00   1.000000e-01 0 0
734   7.172852e-01   1.250000e-01   0.000000e+00   1.000000e-01 0 0
735   7.182617e-01   1.250000e-01   0.000000e+00   1.000000e-01 0 0
736   7.192383e-01   1.250000e-01   0.000000e+00   1.000000e-01 0 0
737   7.202148e-01   1.250000e-01   0.000000e+00   1.000000e-01 0 0
738   7.211914e-01   1.250000e-01   0.000000e+00   1.000000e-01 0 0
739   7.221680e-01   1.250000e-01   0.000000e+00   1.000000e-01 0 0
740   7.231445e-01   1.250000e-01   0.000000e+00   1.000000e-01 0 0
741   7.241211e-01   1.250000e-01   0.000000e+00   1.000000e-01 0 0
742   7.250977e-01   1.250000e-01   0.000000e+00   1.000000e-01 0 0
743   7.260742e-01   1.250000e-01   0.000000e+00   1.000000e-01 0 0
744   7.270508e-01   1.250000e-01   0.000000e+00   1.000000e-01 0 0
745   7.280273e-01   1.250000e-01   0.000000e+00   1.000000e-01 0 0
746   7.290039e-01   1.250000e-01   0.000000e+00   1.000000e-01 0 0
747   7.299805e-01   1.250000e-01   0.000000e+00   1.000000e-01 0 0
748   7.309570e-01   1.250000e-01   0.000000e+00   1.000000e-01 0 0
749   7.319336e-01   1.250000e-01   0.000000e+00   1.000000e-01 0 0
750   7.329102e-01   1.250000e-01   0.000000e+00   1.000000e-01 0 0
751   7.338867e-01   1.250000e-01   0.000000e+00   1.000000e-01 0 0
752   7.348633e-01   1.250000e-01   0.000000e+00   1.000000e-01 0 0
753   7.358398e-01   1.250000e-01   0.000000e+00   1.000000e-01 0 0
754   7.368164e-01   1.250000e-01   0.000000e+00   1.000000e-01 0 0
755   7.377930e-01   1.250000e-01   0.000000e+00   1.000000e-01 0 0
756   7.387695e-01   1.250000e-01   0.000000e+00   1.000000e-01 0 0
757   7.397461e-01   1.250000e-01   0.000000e+00   1.000000e-01 0 0
758   7.407227e-01   1.250000e-01   0.000000e+00   1.000000e-01 0 0
759   7.416992e-01   1.250000e-01   0.000000e+00   1.000000e-01 0 0
760   7.426758e-01   1.250000e-01   0.000000e+00   1.000000e-01 0 0
761   7.436523e-01   1.250000e-01   0.000000e+00   1.000000e-01 0 0
762   7.446289e-01   1.250000e-01   0.000000e+00   1.000000e-01 0 0
763   7.456055e-01   1.250000e-01   0.000000e+00   1.000000e-01 0 0
764   7.465820e-01   1.250000e-01   0.000000e+00   1.000000e-01 0 0
765   7.475586e-01   1.250000e-01   0.000000e+00   1.000000e-01 0 0
766   7.485352e-01   1.250000e-01   0.000000e+00   1.000000e-01 0 0
767   7.495117e-01   1.250000e-01   0.000000e+00   1.000000e-01 0 0
768   7.504883e-01   1.250000e-01   0.000000e+00   1.000000e-01 0 0
769   7.514648e-01   1.250000e-01   0.000000e+00   1.000000e-01 0 0
770   7.524414e-01   1.250000e-01   0.000000e+00   1.000000e-01 0 0
771   7.534180e-01   1.250000e-01   0.000000e+00   1.000000e-01 0 0
772   7.543945e-01   1.250000e-01   0.000000e+00   1.000000e-01 0 0
773   7.553711e-01   1.250000e-01   0.000000e+00   1.000000e-01 0 0
774   7.563477e-01   1.250000e-01   0.000000e+00   1.000000e-01 0 0
775   7.573242e-01   1.250000e-01   0.000000e+00   1.000000e-01 0 0
776   7.583008e-01   1.250000e-01   0.000000e+00   1.000000e-01 0 0
777   7.592773e-01   1.250000e-01   0.000000e+00   1.000000e-01 0 0
778   7.602539e-01   1.250000e-01   0.000000e+00   1.000000e-01 0 0
779   7.612305e-01   1.250000e-01   0.000000e+00   1.000000e-01 0 0
780   7.622070e-01   1.250000e-01   0.000000e+00   1.000000e-01 0 0
781   7.631836e-01   1.250000e-01   0.000000e+00   1.000000e-01 0 0
782   7.641602e-01   1.250000e-01   0.000000e+00   1.000000e-01 0 0
783   7.651367e-01   1.250000e-01   0.000000e+00   1.000000e-01 0 0
784   7.661133e-01   1.250000e-01   0.000000e+00   1.000000e-01 0 0
785   7.670898e-01   1.250000e-01   0.000000e+00   1.000000e-01 0 0
786   7.680664e-01   1.250000e-01   0.000000e+00   1.000000e-01 0 0
787   7.690430e-01   1.250000e-01   0.000000e+00   1.000000e-01 0 0
788   7.700195e-01   1.250000e-01   0.000000e+00   1.000000e-01 0 0
789   7.709961e-01   1.250000e-01   0.000000e+00   1.000000e-01 0 0
790   7.719727e-01   1.250000e-01   0.000000e+00   1.000000e-01 0 0
791   7.729492e-01   1.250000e-01   0.000000e+00   1.000000e-01 0 0
792   7.739258e-01   1.250000e-01   0.000000e+00   1.000000e-01 0 0
793   7.749023e-01   1.250000e-01   0.000000e+00   1.000000e-01 0 0
794   7.758789e-01   1.250000e-01   0.000000e+00   1.000000e-01 0 0
795   7.768555e-01   1.250000e-01   0.000000e+00   1.000000e-01 0 0
796   7.778320e-01   1.250000e-01   0.000000e+00   1.000000e-01 0 0
797   7.788086e-01   1.250000e-01   0.000000e+00   1.000000e-01 0 0
798   7.797852e-01   1.250000e-01   0.000000e+00   1.000000e-01 0 0
799   7.807617e-01   1.250000e-01   0.000000e+00   1.000000e-01 0 0
800   7.817383e-01   1.250000e-01   0.000000e+00   1.000000e-01 0 0
801   7.827148e-01   1.250000e-01   0.000000e+00   1.000000e-01 0 0
802   7.836914e-01   1.250000e-01   0.000000e+00   1.000000e-01 0 0
803   7.846680e-01   1.250000e-01   0.000000e+00   1.000000e-01 0 0
804   7.856445e-01   1.250000e-01   0.000000e+00   1.000000e-01 0 0
805   7.866211e-01   1.250000e-01   0.000000e+00   1.000000e-01 0 0
806   7.875977e-01   1.250000e-01   0.000000e+00   1.000000e-01 0 0
807   7.885742e-01   1.250000e-01   0.000000e+00   1.000000e-01 0 0
808   7.895508e-01   1.250000e-01   0.000000e+00   1.000000e-01 0 0
809   7.905273e-01   1.250000e-01   0.000000e+00   1.000000e-01 0 0
810   7.915039e-01   1.250000e-01   0.000000e+00   1.000000e-01 0 0
811   7.924805e-01   1.250000e-01   0.000000e+00   1.000000e-01 0 0
812   7.934570e-01   1.250000e-01   0.000000e+00   1.000000e-01 0 0
813   7.944336e-01   1.250000e-01   0.000000e+00   1.000000e-01 0 0
814   7.954102e-01   1.250000e-01   0.000000e+00   1.000000e-01 0 0
815   7.963867e-01   1.250000e-01   0.000000e+00   1.000000e-01 0 0
816   7.973633e-01   1.250000e-01   0.000000e+00   1.000000e-01 0 0
817   7.983398e-01   1.250000e-01   0.000000e+00   1.000000e-01 0 0
818   7.993164e-01   1.250000e-01   0.000000e+00   1.000000e-01 0 0
819   8.002930e-01   1.250000e-01   0.000000e+00   1.000000e-01 0 0
820   8.012695e-01   1.250000e-01   0.000000e+00   1.000000e-01 0 0
821   8.022461e-01   1.250000e-01   0.000000e+00   1.000000e-01 0 0
822   8.032227e-01   1.250000e-01   0.000000e+00   1.000000e-01 0 0
823   8.041992e-01   1.250000e-01   0.000000e+00   1.000000e-01 0 0
824   8.051758e-01   1.250000e-01   0.000000e+00   1.000000e-01 0 0
825   8.061523e-01   1.250000e-01   0.000000e+00   1.000000e-01 0 0
826   8.071289e-01   1.250000e-01   0.000000e+00   1.000000e-01 0 0
827   8.081055e-01   1.250000e-01   0.000000e+00   1.000000e-01 0 0
828   8.090820e-01   1.250000e-01   0.000000e+00   1.000000e-01 0 0
829   8.100586e-01   1.250000e-01   0.000000e+00   1.000000e-01 0 0
830   8.110352e-01   1.250000e-01   0.000000e+00   1.000000e-01 0 0
831   8.120117e-01   1.250000e-01   0.000000e+00   1.000000e-01 0 0
832   8.129883e-01   1.250000e-01   0.000000e+00   1.000000e-01 0 0
833   8.139648e-01   1.250000e-01   0.000000e+00   1.000000e-01 0 0
834   8.149414e-01   1.250000e-01   0.000000e+00   1.000000e-01 0 0
835   8.159180e-01   1.250000e-01   0.000000e+00   1.000000e-01 0 0
836   8.168945e-01   1.250000e-01   0.000000e+00   1.000000e-01 0 0
837   8.178711e-01   1.250000e-01   0.000000e+00   1.000000e-01 0 0
838   8.188477e-01   1.250000e-01   0.000000e+00   1.000000e-01 0 0
839   8.198242e-01   1.250000e-01   0.000000e+00   1.000000e-01 0 0
840   8.208008e-01   1.250000e-01   0.000000e+00   1.000000e-01 0 0
841   8.217773e-01   1.250000e-01   0.000000e+00   1.000000e-01 0 0
842   8.227539e-01   1.250000e-01   0.000000e+00   1.000000e-01 0 0
843   8.237305e-01   1.250000e-01   0.000000e+00   1.000000e-01 0 0
844   8.247070e-01   1.250000e-01   0.000000e+00   1.000000e-01 0 0
845   8.256836e-01   1.250000e-01   0.000000e+00   1.000000e-01 0 0
846   8.266602e-01   1.250000e-01   0.000000e+00   1.000000e-01 0 0
847   8.276367e-01   1.250000e-01   0.000000e+00   1.000000e-01 0 0
848   8.286133e-01   1.250000e-01   0.000000e+00   1.000000e-01 0 0
849   8.295898e-01   1.250000e-01   0.000000e+00   1.000000e-01 0 0
850   8.305664e-01   1.250000e-01   0.000000e+00   1.000000e-01 0 0
851   8.315430e-01   1.250000e-01   0.000000e+00   1.000000e-01 0 0
852   8.325195e-01   1.250000e-01   0.000000e+00   1.000000e-01 0 0
853   8.334961e-01   1.250000e-01   0.000000e+00   1.000000e-01 0 0
854   8.344727e-01   1.250000e-01   0.000000e+00   1.000000e-01 0 0
855   8.354492e-01   1.250000e-01   0.000000e+00   1.000000e-01 0 0
856   8.364258e-01   1.250000e-01   0.000000e+00   1.000000e-01 0 0
857   8.374023e-01   1.250000e-01   0.000000e+00   1.000000e-01 0 0
858   8.383789e-01   1.250000e-01   0.000000e+00   1.000000e-01 0 0
859   8.393555e-01   1.250000e-01   0.000000e+00   1.000000e-01 0 0
860   8.403320e-01   1.250000e-01   0.000000e+00   1.000000e-01 0 0
861   8.413086e-01   1.250000e-01   0.000000e+00   1.000000e-01 0 0
862   8.422852e-01   1.250000e-01   0.000000e+00   1.000000e-01 0 0
863   8.432617e-01   1.250000e-01   0.000000e+00   1.000000e-01 0 0
864   8.442383e-01   1.250000e-01   0.000000e+00   1.000000e-01 0 0
865   8.452148e-01   1.250000e-01   0.000000e+00   1.000000e-01 0 0
866   8.461914e-01   1.250000e-01   0.000000e+00   1.000000e-01 0 0
867   8.471680e-01   1.250000e-01   0.000000e+00   1.000000e-01 0 0
868   8.481445e-01   1.250000e-01   0.000000e+00   1.000000e-01 0 0
869   8.491211e-01   1.250000e-01   0.000000e+00   1.000000e-01 0 0
870   8.500977e-01   1.250000e-01   0.000000e+00   1.000000e-01 0 0
871   8.510742e-01   1.250000e-01   0.000000e+00   1.000000e-01 0 0
872   8.520508e-01   1.250000e-01   0.000000e+00   1.000000e-01 0 0
873   8.530273e-01   1.250000e-01   0.000000e+00   1.000000e-01 0 0
874   8.540039e-01   1.250000e-01   0.000000e+00   1.000000e-01 0 0
875   8.549805e-01   1.250000e-01   0.000000e+00   1.000000e-01 0 0
876   8.559570e-01   1.250000e-01   0.000000e+00   1.000000e-01 0 0
877   8.569336e-01   1.250000e-01   0.000000e+00   1.000000e-01 0 0
878   8.579102e-01   1.250000e-01   0.000000e+00   1.000000e-01 0 0
879   8.588867e-01   1.250000e-01   0.000000e+00   1.000000e-01 0 0
880   8.598633e-01   1.250000e-01   0.000000e+00   1.000000e-01 0 0
881   8.608398e-01   1.250000e-01   0.000000e+00   1.000000e-01 0 0
882   8.618164e-01   1.250000e-01   0.000000e+00   1.000000e-01 0 0
883   8.627930e-01   1.250000e-01   0.000000e+00   1.000000e-01 0 0
884   8.637695e-01   1.250000e-01   0.000000e+00   1.000000e-01 0 0
885   8.647461e-01   1.250000e-01   0.000000e+00   1.000000e-01 0 0
886   8.657227e-01   1.250000e-01   0.000000e+00   1.000000e-01 0 0
887   8.666992e-01   1.250000e-01   0.000000e+00   1.000000e-01 0 0
888   8.676758e-01   1.250000e-01   0.000000e+00   1.000000e-01 0 0
889   8.686523e-01   1.250000e-01   0.000000e+00   1.000000e-01 0 0
890   8.696289e-01   1.250000e-01   0.000000e+00   1.000000e-01 0 0
891   8.706055e-01   1.250000e-01   0.000000e+00   1.000000e-01 0 0
892   8.715820e-01   1.250000e-01   0.000000e+00   1.000000e-01 0 0
893   8.725586e-01   1.250000e-01   0.000000e+00   1.000000e-01 0 0
894   8.735352e-01   1.250000e-01   0.000000e+00   1.000000e-01 0 0
895   8.745117e-01   1.250000e-01   0.000000e+00   1.000000e-01 0 0
896   8.754883e-01   1.250000e-01   0.000000e+00   1.000000e-01 0 0
897   8.764648e-01   1.250000e-01   0.000000e+00   1.000000e-01 0 0
898   8.774414e-01   1.250000e-01   0.000000e+00   1.000000e-01 0 0
899   8.784180e-01   1.250000e-01   0.000000e+00   1.000000e-01 0 0
900   8.793945e-01   1.250000e-01   0.000000e+00   1.000000e-01 0 0
901   8.803711e-01   1.250000e-01   0.000000e+00   1.000000e-01 0 0
902   8.813477e-01   1.250000e-01   0.000000e+00   1.000000e-01 0 0
903   8.823242e-01   1.250000e-01   0.000000e+00   1.000000e-01 0 0
904   8.833008e-01   1.250000e-01   0.000000e+00   1.000000e-01 0 0
905   8.842773e-01   1.250000e-01   0.000000e+00   1.000000e-01 0 0
906   8.852539e-01   1.250000e-01   0.000000e+00   1.000000e-01 0 0
907   8.862305e-01   1.250000e-01   0.000000e+00   1.000000e-01 0 0
908   8.872070e-01   1.250000e-01   0.000000e+00   1.000000e-01 0 0
909   8.881836e-01   1.250000e-01   0.000000e+00   1.000000e-01 0 0
910   8.891602e-01   1.250000e-01   0.000000e+00   1.000000e-01 0 0
911   8.901367e-01   1.250000e-01   0.000000e+00   1.000000e-01 0 0
912   8.911133e-01   1.250000e-01   0.000000e+00   1.000000e-01 0 0
913   8.920898e-01   1.250000e-01   0.000000e+00   1.000000e-01 0 0
914   8.930664e-01   1.250000e-01   0.000000e+00   1.000000e-01 0 0
915   8.940430e-01   1.250000e-01   0.000000e+00   1.000000e-01 0 0
916   8.950195e-01   1.250000e-01   0.000000e+00   1.000000e-01 0 0
917   8.959961e-01   1.250000e-01   0.000000e+00   1.000000e-01 0 0
918   8.969727e-01   1.250000e-01   0.000000e+00   1.000000e-01 0 0
919   8.979492e-01   1.250000e-01   0.000000e+00   1.000000e-01 0 0
920   8.989258e-01   1.250000e-01   0.000000e+00   1.000000e-01 0 0
921   8.999023e-01   1.250000e-01   0.000000e+00   1.000000e-01 0 0
922   9.008789e-01   1.250000e-01   0.000000e+00   1.000000e-01 0 0
923   9.018555e-01   1.250000e-01   0.000000e+00   1.000000e-01 0 0
924   9.028320e-01   1.250000e-01   0.000000e+00   1.000000e-01 0 0
925   9.038086e-01   1.250000e-01   0.000000e+00   1.000000e-01 0 0
926   9.047852e-01   1.250000e-01   0.000000e+00   1.000000e-01 0 0
927   9.057617e-01   1.250000e-01   0.000000e+00   1.000000e-01 0 0
928   9.067383e-01   1.250000e-01   0.000000e+00   1.000000e-01 0 0
929   9.077148e-01   1.250000e-01   0.000000e+00   1.000000e-01 0 0
930   9.086914e-01   1.250000e-01   0.000000e+00   1.000000e-01 0 0
931   9.096680e-01   1.250000e-01   0.000000e+00   1.000000e-01 0 0
932   9.106445e-01   1.250000e-01   0.000000e+00   1.000000e-01 0 0
933   9.116211e-01   1.250000e-01   0.000000e+00   1.000000e-01 0 0
934   9.125977e-01   1.250000e-01   0.000000e+00   1.000000e-01 0 0
935   9.135742e-01   1.250000e-01   0.000000e+00   1.000000e-01 0 0
936   9.145508e-01   1.250000e-01   0.000000e+00   1.000000e-01 0 0
937   9.155273e-01   1.250000e-01   0.000000e+00   1.000000e-01 0 0
938   9.165039e-01   1.250000e-01   0.000000e+00   1.000000e-01 0 0
939   9.174805e-01   1.250000e-01   0.000000e+00   1.000000e-01 0 0
940   9.184570e-01   1.250000e-01   0.000000e+00   1.000000e-01 0 0
941   9.194336e-01   1.250000e-01   0.000000e+00   1.000000e-01 0 0
942   9.204102e-01   1.250000e-01   0.000000e+00   1.000000e-01 0 0
943   9.213867e-01   1.250000e-01   0.000000e+00   1.000000e-01 0 0
944   9.223633e-01   1.250000e-01   0.000000e+00   1.000000e-01 0 0
945   9.233398e-01   1.250000e-01   0.000000e+00   1.000000e-01 0 0
946   9.243164e-01   1.250000e-01   0.000000e+00   1.000000e-01 0 0
947   9.252930e-01   1.250000e-01   0.000000e+00   1.000000e-01 0 0
948   9.262695e-01   1.250000e-01   0.000000e+00   1.000000e-01 0 0
949   9.272461e-01   1.250000e-01   0.000000e+00   1.000000e-01 0 0
950   9.282227e-01   1.250000e-01   0.000000e+00   1.000000e-01 0 0
951   9.291992e-01   1.250000e-01   0.000000e+00   1.000000e-01 0 0
952   9.301758e-01   1.250000e-01   0.000000e+00   1.000000e-01 0 0
953   9.311523e-01   1.250000e-01   0.000000e+00   1.000000e-01 0 0
954   9.321289e-01   1.250000e-01   0.000000e+00   1.000000e-01 0 0
955   9.331055e-01   1.250000e-01   0.000000e+00   1.000000e-01 0 0
956   9.340820e-01   1.250000e-01   0.000000e+00   1.000000e-01 0 0
957   9.350586e-01   1.250000e-01   0.000000e+00   1.000000e-01 0 0
958   9.360352e-01   1.250000e-01   0.000000e+00   1.000000e-01 0 0
959   9.370117e-01   1.250000e-01   0.000000e+00   1.000000e-01 0 0
960   9.379883e-01   1.250000e-01   0.000000e+00   1.000000e-01 0 0
961   9.389648e-01   1.250000e-01   0.000000e+00   1.000000e-01 0 0
962   9.399414e-01   1.250000e-01   0.000000e+00   1.000000e-01 0 0
963   9.409180e-01   1.250000e-01   0.000000e+00   1.000000e-01 0 0
964   9.418945e-01   1.250000e-01   0.000000e+00   1.000000e-01 0 0
965   9.428711e-01   1.250000e-01   0.000000e+00   1.000000e-01 0 0
966   9.438477e-01   1.250000e-01   0.000000e+00   1.000000e-01 0 0
967   9.448242e-01   1.250000e-01   0.000000e+00   1.000000e-01 0 0
968   9.458008e-01   1.250000e-01   0.000000e+00   1.000000e-01 0 0
969   9.467773e-01   1.250000e-01   0.000000e+00   1.000000e-01 0 0
970   9.477539e-01   1.250000e-01   0.000000e+00   1.000000e-01 0 0
971   9.487305e-01   1.250000e-01   0.000000e+00   1.000000e-01 0 0
972   9.497070e-01   1.250000e-01   0.000000e+00   1.000000e-01 0 0
973   9.506836e-01   1.250000e-01   0.000000e+00   1.000000e-01 0 0
974   9.516602e-01   1.250000e-01   0.000000e+00   1.000000e-01 0 0
975   9.526367e-01   1.250000e-01   0.000000e+00   1.000000e-01 0 0
976   9.536133e-01   1.250000e-01   0.000000e+00   1.000000e-01 0 0
977   9.545898e-01   1.250000e-01   0.000000e+00   1.000000e-01 0 0
978   9.555664e-01   1.250000e-01   0.000000e+00   1.000000e-01 0 0
979   9.565430e-01   1.250000e-01   0.000000e+00   1.000000e-01 0 0
980   9.575195e-01   1.250000e-01   0.000000e+00   1.000000e-01 0 0
981   9.584961e-01   1.250000e-01   0.000000e+00   1.000000e-01 0 0
982   9.594727e-01   1.250000e-01   0.000000e+00   1.000000e-01 0 0
983   9.604492e-01   1.250000e-01   0.000000e+00   1.000000e-01 0 0
984   9.614258e-01   1.250000e-01   0.000000e+00   1.000000e-01 0 0
985   9.624023e-01   1.250000e-01   0.000000e+00   1.000000e-01 0 0
986   9.633789e-01   1.250000e-01   0.000000e+00   1.000000e-01 0 0
987   9.643555e-01   1.250000e-01   0.000000e+00   1.000000e-01 0 0
988   9.653320e-01   1.250000e-01   0.000000e+00   1.000000e-01 0 0
989   9.663086e-01   1.250000e-01   0.000000e+00   1.000000e-01 0 0
990   9.672852e-01   1.250000e-01   0.000000e+00   1.000000e-01 0 0
991   9.682617e-01   1.250000e-01   0.000000e+00   1.000000e-01 0 0
992   9.692383e-01   1.250000e-01   0.000000e+00   1.000000e-01 0 0
993   9.702148e-01   1.250000e-01   0.000000e+00   1.000000e-01 0 0
994   9.711914e-01   1.250000e-01   0.000000e+00   1.000000e-01 0 0
995   9.721680e-01   1.250000e-01   0.000000e+00   1.000000e-01 0 0
996   9.731445e-01   1.250000e-01   0.000000e+00   1.000000e-01 0 0
997   9.741211e-01   1.250000e-01   0.000000e+00   1.000000e-01 0 0
998   9.750977e-01   1.250000e-01   0.000000e+00   1.000000e-01 0 0
999   9.760742e-01   1.250000e-01   0.000000e+00   1.000000e-01 0 0
1000   9.770508e-01   1.250000e-01   0.000000e+00   1.000000e-01 0 0
1001   9.780273e-01   1.250000e-01   0.000000e+00   1.000000e-01 0 0
1002   9.790039e-01   1.250000e-01   0.000000e+00   1.000000e-01 0 0
1003   9.799805e-01   1.250000e-01   0.000000e+00   1.000000e-01 0 0
1004   9.809570e-01   1.250000e-01   0.000000e+00   1.000000e-01 0 0
1005   9.819336e-01   1.250000e-01   0.000000e+00   1.000000e-01 0 0
1006   9.829102e-01   1.250000e-01   0.000000e+00   1.000000e-01 0 0
1007   9.838867e-01   1.250000e-01   0.000000e+00   1.000000e-01 0 0
1008   9.848633e-01   1.250000e-01   0.000000e+00   1.000000e-01 0 0
1009   9.858398e-01   1.250000e-01   0.000000e+00   1.000000e-01 0 0
1010   9.868164e-01   1.250000e-01   0.000000e+00   1.000000e-01 0 0
1011   9.877930e-01   1.250000e-01   0.000000e+00   1.000000e-01 0 0
1012   9.887695e-01   1.250000e-01   0.000000e+00   1.000000e-01 0 0
1013   9.897461e-01   1.250000e-01   0.000000e+00   1.000000e-01 0 0
1014   9.907227e-01   1.250000e-01   0.000000e+00   1.000000e-01 0 0
1015   9.916992e-01   1.250000e-01   0.000000e+00   1.000000e-01 0 0
1016   9.926758e-01   1.250000e-01   0.000000e+00   1.000000e-01 0 0
1017   9.936523e-01   1.250000e-01   0.000000e+00   1.000000e-01 0 0
1018   9.946289e-01   1.250000e-01   0.000000e+00   1.000000e-01 0 0
1019   9.956055e-01   1.250000e-01   0.000000e+00   1.000000e-01 0 0
1020   9.965820e-01   1.250000e-01   0.000000e+00   1.000000e-01 0 0
1021   9.975586e-01   1.250000e-01   0.000000e+00   1.000000e-01 0 0
1022   9.985352e-01   1.250000e-01   0.000000e+00   1.000000e-01 0 0
1023   9.995117e-01   1.250000e-01   0.000000e+00   1.000000e-01 0 0
